40.23977279663086	25.447459785004952
0.30254316329956055	3384.6410172755914
0.8016414642333984	1277.3790350019392
0.3912076950073242	2617.535424452294
0.5257480144500732	1947.7011265008637
0.5254595279693604	1948.7704485200802
0.5219151973724365	1962.0045654069695
0.5141756534576416	1991.5373143671384
0.26822900772094727	3817.6333301926875
0.39496445655822754	2592.638357697478
0.3904285430908203	2622.7590633961418
0.5132791996002197	1995.015579820043
0.5306429862976074	1929.7343533071721
0.52797532081604	1939.4845926080463
0.4277801513671875	2393.7529516675586
0.3963906764984131	2583.31000377124
0.39188265800476074	2613.027086254886
0.39382219314575195	2600.158187685024
0.39344167709350586	2602.6729236329347
0.39589834213256836	2586.5225766899243
0.3883850574493408	2636.558694417758
0.5343692302703857	1916.2780002917941
0.25644946098327637	3992.9894805541326
0.39037418365478516	2623.1242814600196
0.397003173828125	2579.3244676762242
0.39316296577453613	2604.517945841381
0.390427827835083	2622.7638682367137
0.40190720558166504	2547.8518070309383
0.38956308364868164	2628.585825969769
0.391843318939209	2613.2894208127727
0.5502543449401855	1860.9575906416735
0.40285658836364746	2541.8474702358935
0.4074075222015381	2513.4538372451634
0.5290696620941162	1935.472912861597
0.3987715244293213	2567.886464474709
0.394989013671875	2592.4771691261685
0.5364477634429932	1908.8531442983967
0.4030182361602783	2540.8279529881133
0.4155290126800537	2464.3285276170423
0.5368733406066895	1907.3400047073244
0.38548874855041504	2656.3680622343227
0.4263744354248047	2401.644927374152
0.5285463333129883	1937.389279727762
0.3944213390350342	2596.2084163733443
0.39237189292907715	2609.768993277743
0.5239553451538086	1954.3650226516954
0.3910093307495117	2618.863335146328
0.4239044189453125	2415.638889888773
0.5400493144989014	1896.1231363660645
0.3985428810119629	2569.35965685776
1.0878486633300781	941.3074028747462
0.6716647148132324	1524.570187202316
1.8999159336090088	538.9712154552271
0.5267372131347656	1944.043394818983
0.39911723136901855	2565.6622153034104
0.4870941638946533	2102.26292142861
0.613445520401001	1669.2598868936643
1.0583970546722412	967.5008027276747
0.5167553424835205	1981.595381440407
0.7226269245147705	1417.0520987542714
0.3911581039428711	2617.8672758613125
0.5194339752197266	1971.3766308159495
0.7024900913238525	1457.671805833243
0.38706445693969727	2645.554200703926
0.5176515579223633	1978.1646250808312
0.2748684883117676	3725.4179491049385
0.987189769744873	1037.2878967988497
1.109156847000122	923.2238008263292
2.714996576309204	377.1643798505399
0.3897852897644043	2627.0873398504355
0.5577387809753418	1835.9849358319448
0.26140809059143066	3917.2467756572496
0.39737772941589355	2576.893278607183
0.8078734874725342	1267.5251953169384
0.39063096046447754	2621.4000006103424
0.5399374961853027	1896.5158138388863
0.26336193084716797	3888.18534518658
0.38968396186828613	2627.770450419804
1.1492013931274414	891.0535665235161
0.3977475166320801	2574.4975321799657
0.4024238586425781	2544.5807399543096
0.3964970111846924	2582.617197896128
0.674647331237793	1517.8300611094699
2.0653202533721924	495.8068843454393
2.115386486053467	484.07229919975873
0.5339853763580322	1917.6555114374846
0.5323407649993896	1923.5799084467524
0.25495171546936035	4016.4467931303743
0.5637588500976562	1816.3794676085693
0.8275876045227051	1237.3312437304712
0.39717888832092285	2578.1833579548215
0.5336992740631104	1918.6835166631897
0.5408072471618652	1893.4657502722291
0.2668135166168213	3837.886524581873
1.125924825668335	909.4745729513214
0.5216033458709717	1963.177590991346
0.5326263904571533	1922.548372267286
0.25746893882751465	3977.1787799459767
0.3987278938293457	2568.1674541642897
2.9610631465911865	345.82173675655713
0.6179590225219727	1657.0678033325257
1.0710415840148926	956.0786577132205
0.5625932216644287	1820.1427969048436
0.3990638256072998	2566.005571769542
0.394911527633667	2592.985842008381
0.5955119132995605	1719.5289920000257
0.52475905418396	1951.371761640964
0.3953225612640381	2590.289804674378
0.39871811866760254	2568.2304165707433
0.5307834148406982	1929.2238064886196
1.2606556415557861	812.2757446563859
0.3928096294403076	2606.8607367366226
0.526801586151123	1943.805840603992
0.26096487045288086	3923.899788592008
0.39388132095336914	2599.7678628716426
3.726243019104004	274.8076265423575
0.3961186408996582	2585.0840992342796
0.3993520736694336	2564.153456349955
0.400601863861084	2556.153858423112
0.5270843505859375	1942.7630489534783
0.5277276039123535	1940.3949924326278
0.7136776447296143	1434.821459747356
0.3995351791381836	2562.9783144723747
0.3933401107788086	2603.3449728086275
0.3954908847808838	2589.1873603290073
0.4010446071624756	2553.3319279497155
0.7518918514251709	1361.8979884661107
0.3882584571838379	2637.418402750059
0.5355181694030762	1912.166679874593
0.3907959461212158	2620.293301820431
0.3959629535675049	2586.1005196927485
4.572795867919922	223.933022504632
0.3951382637023926	2591.4979491109193
0.5427649021148682	1886.6363613601632
0.2519986629486084	4063.513623518036
0.5447227954864502	1879.8552373515854
0.38878607749938965	2633.83917085253
0.40395355224609375	2534.9449071713225
0.5208220481872559	1966.1226009230547
0.5120277404785156	1999.8916446265598
0.29267430305480957	3498.7697563876454
0.40470170974731445	2530.2586456562285
0.5389306545257568	1900.0589248371666
0.25823211669921875	3965.424646202027
0.39750242233276367	2576.084930478166
0.4007110595703125	2555.4572940862877
0.3969838619232178	2579.4499429754046
4.869341611862183	210.29537083728894
0.39522504806518555	2590.9289024391715
0.39940571784973145	2563.8090649099317
0.3967130184173584	2581.2109824001536
0.5399856567382812	1896.3466662898963
0.5457310676574707	1876.3820876012796
0.24658918380737305	4152.655782339234
0.3920247554779053	2612.079940593734
0.5189239978790283	1973.314019365732
0.5215067863464355	1963.5410828954382
0.5261588096618652	1946.1804709837916
0.39533066749572754	2590.2366909368766
0.40142202377319336	2550.9312876629015
0.40479350090026855	2529.6848830887952
0.39992523193359375	2560.478605085942
0.3908390998840332	2620.003987072515
4.604020595550537	222.4142961023294
0.5604679584503174	1827.0446767935484
0.3955228328704834	2588.978220469299
0.3982546329498291	2571.2193036282906
0.3991212844848633	2565.6361607516205
0.5077354907989502	2016.79815288996
0.5334024429321289	1919.7512376790812
0.3017432689666748	3393.6133969341095
0.3998544216156006	2560.932040872667
0.5216062068939209	1963.1668229136908
0.4027712345123291	2542.386129535412
0.3920464515686035	2611.935386490323
0.40042614936828613	2557.2755466032036
0.39686012268066406	2580.2542041342053
0.3967158794403076	2581.1923673049682
0.3948969841003418	2593.0813382454335
4.267189025878906	239.97062089113533
0.550499439239502	1860.129051928962
0.5313460826873779	1927.1808588875572
0.39835548400878906	2570.568351903013
0.4485933780670166	2282.6908511498846
0.3952901363372803	2590.502281408496
0.39959168434143066	2562.6158904874615
0.4003283977508545	2557.8999785003743
0.525907039642334	1947.1121753692742
0.39600682258605957	2585.8140355081027
0.3915281295776367	2615.393180317966
0.4029402732849121	2541.319564936978
0.39901113510131836	2566.344419786636
0.4062843322753906	2520.40238486456
0.4072530269622803	2514.407339432354
0.39922618865966797	2564.961991691729
4.128563404083252	248.02816374025855
0.4431912899017334	2310.5147220448453
0.3908219337463379	2620.1190659494177
0.39433717727661133	2596.7625144349654
0.5186946392059326	1974.186588023422
0.4068005084991455	2517.2043264595645
0.3918771743774414	2613.063650943144
0.5291502475738525	1935.178155344399
0.5296680927276611	1933.2861730950235
0.26370978355407715	3883.0565411693015
0.4331340789794922	2364.164007627033
0.39798593521118164	2572.955246412512
0.39772677421569824	2574.6317984734324
0.41330456733703613	2477.591783216279
0.5493550300598145	1864.0040483264631
0.25203752517700195	4062.8870612852634
4.7947375774383545	213.56747547945767
0.3901205062866211	2624.829978170049
0.5381813049316406	1902.7045172631326
0.39852142333984375	2569.4979994256723
0.42195653915405273	2426.7902141128957
0.5447273254394531	1879.8396044734834
0.38848257064819336	2635.896890538562
0.399594783782959	2562.5960136561453
0.3962209224700928	2584.4167784382785
0.5479333400726318	1868.8404685582059
0.25226354598999023	4059.2468324401975
0.391864538192749	2613.1479125991195
0.401705265045166	2549.1326330633624
0.40857768058776855	2506.2553552286604
0.3974583148956299	2576.370808266764
0.39708781242370605	2578.774689028626
4.78374171257019	214.05837972172398
0.3950681686401367	2591.9577462408784
0.3992297649383545	2564.9390149006476
0.399381160736084	2563.966708175982
0.5544397830963135	1846.9093149870844
0.38515710830688477	2658.655332888467
0.39460182189941406	2595.0209633371196
0.5303773880004883	1930.7007107909685
0.5811190605163574	1762.1173862205064
0.23879671096801758	4288.166264304813
0.39885926246643066	2567.321600275444
0.3946831226348877	2594.486415238178
0.40340375900268555	2538.399747517432
0.3910348415374756	2618.6924826796103
0.39689111709594727	2580.0527043603524
0.40169715881347656	2549.1840744521737
5.62958836555481	181.8960701044227
0.40163516998291016	2549.577518431894
0.5384159088134766	1901.8754521139983
0.39453554153442383	2595.456916295726
0.4025731086730957	2543.6373616090837
0.5607554912567139	1826.1078419492692
0.39789271354675293	2573.55806009169
0.3980896472930908	2572.2849286911674
0.3976094722747803	2575.3913611301828
0.40442585945129395	2531.9844813813716
0.39348626136779785	2602.378025704056
0.3965756893157959	2582.104822831391
0.39923834800720215	2564.883872281546
0.5728228092193604	1787.6383124399347
0.39334535598754883	2603.3102575448083
0.4106462001800537	2493.630769141447
4.992250204086304	205.11792441048445
0.4056124687194824	2524.5772232613203
0.5400400161743164	1896.155783517844
0.3921828269958496	2611.027126924241
0.41274380683898926	2480.957880003905
0.393007755279541	2605.5465477307002
0.39667487144470215	2581.4592093281844
0.4042215347290039	2533.2643415114057
0.3944978713989258	2595.7047534091926
0.4152200222015381	2466.162384392375
0.38766002655029297	2641.4897845216747
0.5388023853302002	1900.511259564025
0.399233341217041	2564.9160385212117
0.4075601100921631	2512.5128162528936
0.5381245613098145	1902.9051517506418
0.271730899810791	3768.4341409571807
5.3401734828948975	191.75407002786952
0.3939492702484131	2599.3194488069366
0.5345156192779541	1915.753184880288
0.4059596061706543	2522.4184486215568
0.38956236839294434	2628.5906521830934
0.4019908905029297	2547.321405017105
0.3953256607055664	2590.2694962234245
0.39780688285827637	2574.1133301728537
0.40006446838378906	2559.587468831794
0.3971850872039795	2578.1431201471864
0.3945624828338623	2595.2796947275237
0.4129347801208496	2479.8104913815105
0.40184950828552246	2548.2176259686416
0.40686655044555664	2516.795737763709
0.4062011241912842	2520.9186755420897
0.39212942123413086	2611.3827337342145
3.7839460372924805	270.6169670254338
0.40406298637390137	2534.2583570682154
0.5153586864471436	1986.965635641855
0.5397152900695801	1897.2966281314468
0.2541320323944092	4029.401529401721
0.39515066146850586	2591.4166414260562
0.5808522701263428	1762.926741729471
0.22463369369506836	4558.532529808466
0.3996739387512207	2562.0884944349464
0.4022653102874756	2545.583657880434
0.39625048637390137	2584.223957352459
0.4003274440765381	2557.90607202094
0.3930246829986572	2605.4343258728577
0.40520715713500977	2527.1024511021074
0.39511990547180176	2591.618356400622
0.40438151359558105	2532.262147433611
4.717917203903198	217.04492803579313
0.5326931476593018	1922.3074381556091
0.5628211498260498	1819.40568565429
0.24852275848388672	4120.346990540877
0.39839649200439453	2570.3037565619547
0.4020242691040039	2547.1099102603944
0.40421414375305176	2533.3106617506105
0.3933565616607666	2603.236096219248
0.5228621959686279	1958.4510180602933
0.39842963218688965	2570.0899664000813
0.39918017387390137	2565.257663131024
0.40119028091430664	2552.404803192937
0.5382030010223389	1902.6278152571979
0.2606642246246338	3928.425550052364
0.40358757972717285	2537.243590826628
0.39631152153015137	2583.825966114624
4.911513566970825	208.48970201085115
0.3957829475402832	2587.2767039711234
0.39984774589538574	2560.974797311761
0.40621209144592285	2520.8506136659903
0.39544177055358887	2589.5089397523097
0.4004538059234619	2557.0989333928705
0.4008173942565918	2554.7793450911577
0.5185067653656006	1974.901907553655
0.3999197483062744	2560.5137139058716
0.39635705947875977	2583.529107180882
0.5294761657714844	1933.9869595602274
0.3987386226654053	2568.0983526375676
0.42389607429504395	2415.6864431994395
0.39334702491760254	2603.2992119732066
0.4005420207977295	2556.5357611183367
0.4065561294555664	2518.7174065516474
