0.0	0
3e-06	0
6e-06	0
9e-06	0
1.2e-05	0
1.4999999999999999e-05	0
1.8e-05	0
2.1000000000000002e-05	0
2.4e-05	0
2.7e-05	0
2.9999999999999997e-05	0
3.3e-05	0
3.6e-05	0
3.9e-05	0
4.2000000000000004e-05	0
4.4999999999999996e-05	0
4.8e-05	0
5.1000000000000006e-05	0
5.4e-05	0
5.7e-05	0
5.9999999999999995e-05	0
6.3e-05	0
6.6e-05	0
6.900000000000001e-05	0
7.2e-05	0
7.5e-05	0
7.8e-05	0
8.1e-05	0
8.400000000000001e-05	0
8.700000000000001e-05	0
8.999999999999999e-05	0
9.3e-05	0
9.6e-05	0
9.900000000000001e-05	0
0.00010200000000000001	0
0.00010499999999999999	0
0.000108	0
0.000111	0
0.000114	0
0.00011700000000000001	0
0.00011999999999999999	0
0.000123	0
0.000126	0
0.000129	8
0.000132	18
0.000135	27
0.00013800000000000002	29
0.000141	92
0.000144	187
0.000147	105
0.00015	32
0.000153	39
0.000156	42
0.00015900000000000002	94
0.000162	175
0.000165	94
0.00016800000000000002	44
0.000171	36
0.00017400000000000003	26
0.000177	26
0.00017999999999999998	34
0.000183	27
0.000186	59
0.000189	100
0.000192	128
0.000195	297
0.00019800000000000002	269
0.000201	130
0.00020400000000000003	75
0.00020700000000000002	87
0.00020999999999999998	110
0.000213	72
0.000216	54
0.000219	61
0.000222	66
0.000225	73
0.000228	140
0.000231	212
0.00023400000000000002	109
0.00023700000000000001	75
0.00023999999999999998	90
0.000243	103
0.000246	192
0.000249	173
0.000252	97
0.000255	69
0.000258	69
0.000261	79
0.000264	76
0.00026700000000000004	59
0.00027	50
0.000273	45
0.00027600000000000004	52
0.000279	42
0.000282	68
0.00028500000000000004	64
0.000288	71
0.00029099999999999997	107
0.000294	116
0.000297	198
0.0003	327
0.000303	320
0.000306	204
0.000309	149
0.000312	143
0.000315	191
0.00031800000000000003	224
0.000321	190
0.000324	188
0.00032700000000000003	192
0.00033	193
0.000333	160
0.00033600000000000004	136
0.000339	131
0.000342	121
0.00034500000000000004	118
0.00034800000000000006	125
0.000351	123
0.000354	107
0.000357	85
0.00035999999999999997	90
0.000363	101
0.000366	105
0.00036899999999999997	162
0.000372	160
0.000375	149
0.000378	147
0.000381	150
0.000384	153
0.00038700000000000003	144
0.00039	166
0.000393	147
0.00039600000000000003	135
0.000399	145
0.000402	156
0.00040500000000000003	201
0.00040800000000000005	182
0.000411	168
0.00041400000000000003	201
0.000417	196
0.00041999999999999996	196
0.000423	200
0.000426	213
0.000429	192
0.000432	204
0.000435	225
0.000438	219
0.000441	193
0.000444	174
0.000447	129
0.00045	147
0.000453	136
0.000456	171
0.00045900000000000004	148
0.000462	136
0.000465	128
0.00046800000000000005	124
0.000471	124
0.00047400000000000003	108
0.00047700000000000005	108
0.00047999999999999996	92
0.000483	118
0.000486	167
0.000489	153
0.000492	150
0.000495	133
0.000498	149
0.000501	142
0.000504	156
0.000507	217
0.00051	247
0.000513	250
0.000516	199
0.000519	182
0.000522	171
0.0005250000000000001	192
0.000528	246
0.000531	225
0.0005340000000000001	207
0.000537	186
0.00054	175
0.0005430000000000001	154
0.000546	149
0.000549	163
0.0005520000000000001	123
0.000555	133
0.000558	142
0.0005610000000000001	157
0.000564	156
0.000567	144
0.0005700000000000001	140
0.000573	140
0.000576	171
0.000579	199
0.0005819999999999999	174
0.000585	191
0.000588	161
0.0005909999999999999	172
0.000594	157
0.000597	164
0.0006	182
0.000603	148
0.000606	167
0.000609	158
0.000612	199
0.000615	197
0.000618	213
0.000621	207
0.000624	157
0.000627	199
0.00063	167
0.000633	189
0.0006360000000000001	182
0.000639	159
0.000642	210
0.0006450000000000001	215
0.000648	229
0.000651	205
0.0006540000000000001	196
0.000657	218
0.00066	197
0.0006630000000000001	155
0.000666	158
0.000669	177
0.0006720000000000001	157
0.000675	143
0.000678	148
0.0006810000000000001	137
0.000684	173
0.000687	140
0.0006900000000000001	154
0.000693	172
0.0006960000000000001	176
0.0006990000000000001	210
0.000702	156
0.000705	175
0.000708	180
0.0007109999999999999	168
0.000714	233
0.000717	217
0.0007199999999999999	217
0.000723	201
0.000726	189
0.0007289999999999999	189
0.000732	189
0.000735	225
0.0007379999999999999	213
0.000741	208
0.000744	211
0.000747	181
0.00075	170
0.000753	152
0.000756	191
0.000759	173
0.000762	159
0.0007650000000000001	177
0.000768	165
0.000771	178
0.0007740000000000001	150
0.000777	164
0.00078	153
0.0007830000000000001	158
0.000786	152
0.000789	133
0.0007920000000000001	143
0.000795	142
0.000798	126
0.0008010000000000001	143
0.000804	119
0.0008070000000000001	137
0.0008100000000000001	139
0.000813	139
0.0008160000000000001	141
0.0008190000000000001	168
0.000822	174
0.0008250000000000001	154
0.0008280000000000001	207
0.000831	209
0.000834	201
0.000837	209
0.0008399999999999999	177
0.000843	211
0.000846	186
0.0008489999999999999	215
0.000852	203
0.000855	175
0.000858	177
0.000861	150
0.000864	157
0.000867	179
0.00087	176
0.000873	126
0.000876	148
0.000879	181
0.000882	134
0.000885	146
0.000888	145
0.000891	131
0.000894	147
0.000897	123
0.0009	169
0.000903	138
0.000906	149
0.000909	180
0.000912	152
0.000915	186
0.0009180000000000001	173
0.000921	173
0.000924	199
0.0009270000000000001	168
0.00093	205
0.000933	177
0.0009360000000000001	188
0.0009390000000000001	222
0.000942	192
0.0009450000000000001	205
0.0009480000000000001	181
0.000951	205
0.0009540000000000001	208
0.0009570000000000001	199
0.0009599999999999999	194
0.000963	181
0.000966	170
0.000969	182
0.000972	188
0.000975	174
0.000978	149
0.0009809999999999999	184
0.000984	130
0.000987	193
0.00099	155
0.000993	161
0.000996	161
0.000999	176
0.001002	188
0.001005	167
0.001008	172
0.0010110000000000002	192
0.001014	178
0.0010170000000000001	200
0.00102	215
0.001023	217
0.001026	192
0.001029	207
0.001032	210
0.001035	196
0.001038	213
0.0010409999999999998	191
0.001044	184
0.001047	202
0.0010500000000000002	144
0.001053	184
0.001056	189
0.001059	191
0.001062	157
0.001065	177
0.0010680000000000002	201
0.001071	152
0.001074	172
0.001077	147
0.00108	144
0.001083	162
0.0010860000000000002	145
0.001089	163
0.001092	141
0.001095	149
0.001098	184
0.001101	169
0.0011040000000000002	187
0.001107	163
0.00111	179
0.001113	171
0.001116	168
0.001119	178
0.0011220000000000002	180
0.001125	200
0.001128	182
0.001131	207
0.001134	193
0.001137	206
0.0011400000000000002	214
0.001143	192
0.001146	197
0.001149	183
0.001152	208
0.001155	205
0.001158	169
0.0011610000000000001	206
0.0011639999999999999	160
0.001167	194
0.00117	175
0.001173	191
0.001176	163
0.0011790000000000001	166
0.0011819999999999999	189
0.001185	161
0.001188	175
0.001191	186
0.001194	183
0.0011970000000000001	157
0.0012	148
0.001203	158
0.001206	173
0.001209	194
0.001212	160
0.0012150000000000002	154
0.001218	204
0.001221	196
0.001224	208
0.001227	196
0.00123	209
0.0012330000000000002	205
0.001236	228
0.001239	211
0.001242	229
0.001245	199
0.001248	215
0.0012510000000000002	210
0.001254	199
0.001257	202
0.00126	204
0.001263	207
0.001266	216
0.0012690000000000002	179
0.0012720000000000001	173
0.001275	192
0.001278	170
0.001281	183
0.001284	181
0.001287	194
0.0012900000000000001	207
0.0012929999999999999	189
0.001296	205
0.001299	179
0.001302	181
0.001305	205
0.0013080000000000001	180
0.0013109999999999999	187
0.001314	189
0.001317	196
0.00132	203
0.001323	170
0.0013260000000000001	207
0.0013289999999999999	184
0.001332	181
0.001335	178
0.001338	216
0.001341	239
0.0013440000000000001	196
0.0013469999999999999	206
0.00135	194
0.001353	207
0.001356	245
0.001359	183
0.0013620000000000001	218
0.001365	189
0.001368	211
0.001371	182
0.001374	201
0.001377	169
0.0013800000000000002	181
0.0013830000000000001	215
0.001386	215
0.001389	178
0.0013920000000000002	182
0.001395	195
0.0013980000000000002	194
0.0014010000000000001	186
0.001404	196
0.001407	165
0.00141	195
0.001413	188
0.001416	197
0.0014190000000000001	205
0.0014219999999999999	170
0.001425	206
0.001428	184
0.001431	189
0.001434	200
0.0014370000000000001	197
0.0014399999999999999	216
0.001443	184
0.001446	202
0.001449	214
0.001452	197
0.0014550000000000001	200
0.0014579999999999999	179
0.001461	215
0.001464	167
0.001467	181
0.00147	186
0.0014730000000000001	181
0.0014759999999999999	179
0.001479	150
0.001482	175
0.001485	183
0.001488	170
0.0014910000000000001	186
0.001494	159
0.001497	166
0.0015	185
0.0015030000000000002	135
0.001506	179
0.0015090000000000001	201
0.001512	168
0.001515	154
0.001518	179
0.0015210000000000002	185
0.001524	154
0.0015270000000000001	164
0.0015300000000000001	166
0.001533	206
0.001536	149
0.001539	151
0.001542	170
0.001545	150
0.0015480000000000001	170
0.0015509999999999999	148
0.001554	173
0.001557	182
0.00156	155
0.001563	187
0.0015660000000000001	154
0.0015689999999999999	161
0.001572	170
0.001575	140
0.001578	149
0.001581	132
0.0015840000000000001	151
0.0015869999999999999	139
0.00159	159
0.001593	163
0.001596	131
0.001599	153
0.0016020000000000001	144
0.001605	127
0.001608	132
0.001611	153
0.0016140000000000002	140
0.001617	136
0.0016200000000000001	136
0.001623	135
0.001626	145
0.001629	147
0.0016320000000000002	124
0.001635	149
0.0016380000000000001	127
0.001641	141
0.001644	160
0.001647	152
0.0016500000000000002	166
0.001653	143
0.0016560000000000001	145
0.001659	142
0.001662	170
0.001665	138
0.001668	122
0.001671	130
0.001674	130
0.001677	143
0.0016799999999999999	141
0.001683	99
0.001686	129
0.001689	130
0.001692	154
0.0016950000000000001	115
0.0016979999999999999	141
0.001701	140
0.001704	133
0.001707	138
0.00171	107
0.0017130000000000001	142
0.001716	141
0.001719	115
0.001722	149
0.0017250000000000002	144
0.001728	178
0.0017310000000000001	146
0.001734	163
0.001737	169
0.00174	194
0.0017430000000000002	190
0.001746	202
0.0017490000000000001	199
0.001752	232
0.001755	187
0.001758	213
0.0017610000000000002	227
0.001764	244
0.0017670000000000001	221
0.00177	256
0.001773	276
0.001776	215
0.0017790000000000002	244
0.001782	226
0.0017850000000000001	291
0.001788	238
0.001791	267
0.001794	300
0.001797	283
0.0018	304
0.001803	263
0.001806	299
0.0018089999999999998	267
0.001812	243
0.001815	285
0.001818	242
0.001821	286
0.001824	256
0.001827	302
0.00183	278
0.001833	258
0.0018360000000000002	289
0.001839	262
0.001842	294
0.001845	266
0.001848	232
0.001851	213
0.0018540000000000002	229
0.001857	237
0.00186	199
0.001863	243
0.001866	193
0.001869	184
0.0018720000000000002	213
0.001875	209
0.0018780000000000001	209
0.001881	208
0.001884	165
0.001887	186
0.0018900000000000002	165
0.001893	140
0.0018960000000000001	138
0.001899	167
0.001902	151
0.001905	114
0.0019080000000000002	106
0.001911	112
0.0019140000000000001	118
0.001917	101
0.0019199999999999998	91
0.001923	85
0.001926	72
0.001929	81
0.001932	62
0.001935	62
0.001938	74
0.001941	62
0.001944	66
0.0019470000000000002	50
0.00195	67
0.001953	45
0.001956	52
0.0019590000000000002	45
0.0019619999999999998	28
0.001965	44
0.001968	28
0.001971	38
0.001974	40
0.001977	18
0.00198	28
0.001983	19
0.001986	22
0.0019890000000000003	13
0.001992	24
0.0019950000000000002	14
0.001998	20
0.0020009999999999997	17
0.002004	17
0.002007	16
0.00201	12
0.002013	11
0.002016	16
0.002019	11
0.0020220000000000004	8
0.002025	6
0.002028	6
0.0020310000000000003	6
0.0020340000000000002	13
0.0020369999999999997	7
0.00204	12
0.002043	8
0.002046	3
0.002049	12
0.002052	1
0.002055	10
0.002058	7
0.002061	5
0.002064	7
0.0020670000000000003	5
0.00207	7
0.0020729999999999998	3
0.002076	7
0.002079	3
0.0020819999999999996	5
0.002085	6
0.002088	6
0.002091	4
0.002094	6
0.002097	4
0.0021000000000000003	0
0.0021030000000000003	4
0.002106	3
0.002109	2
0.002112	3
0.002115	5
0.002118	5
0.002121	0
0.002124	3
0.0021270000000000004	6
0.00213	0
0.002133	6
0.0021360000000000003	3
0.0021390000000000003	8
0.002142	5
0.002145	2
0.002148	3
0.002151	4
0.002154	2
0.002157	5
0.00216	2
0.0021630000000000004	1
0.002166	5
0.002169	4
0.0021720000000000003	1
0.0021750000000000003	3
0.002178	1
0.002181	1
0.002184	3
0.0021869999999999997	3
0.00219	2
0.002193	2
0.002196	1
0.002199	5
0.002202	3
0.002205	5
0.0022080000000000003	1
0.002211	2
0.002214	4
0.0022170000000000002	2
0.00222	2
0.0022229999999999997	3
0.002226	1
0.002229	2
0.002232	4
0.002235	3
0.002238	2
0.002241	2
0.0022440000000000003	3
0.002247	2
0.00225	0
0.0022530000000000002	1
0.002256	3
0.0022589999999999997	2
0.002262	0
0.002265	3
0.002268	1
0.002271	2
0.002274	1
0.002277	2
0.0022800000000000003	2
0.002283	1
0.002286	2
0.0022890000000000002	1
0.002292	0
0.0022949999999999997	1
0.002298	2
0.002301	3
0.002304	3
0.002307	0
0.00231	0
0.002313	1
0.002316	1
0.002319	0
0.0023220000000000003	1
0.0023250000000000002	2
0.0023279999999999998	2
0.002331	1
0.002334	0
0.002337	2
0.00234	1
0.002343	1
0.002346	1
0.0023490000000000004	1
0.002352	3
0.002355	1
0.0023580000000000003	1
0.0023610000000000003	0
0.0023639999999999998	0
0.002367	0
0.00237	0
0.002373	0
0.002376	2
0.002379	3
0.002382	3
0.0023850000000000004	1
0.002388	0
0.002391	2
0.0023940000000000003	1
0.0023970000000000003	1
0.0024	0
0.002403	1
0.002406	1
0.002409	4
0.002412	1
0.002415	3
0.002418	1
0.0024210000000000004	0
0.002424	1
0.002427	2
0.0024300000000000003	1
0.002433	1
0.002436	2
0.002439	0
0.002442	1
0.0024449999999999997	0
0.002448	0
0.002451	0
0.002454	1
0.002457	2
0.00246	0
0.002463	0
0.0024660000000000003	0
0.002469	1
0.002472	0
0.002475	0
0.002478	1
0.0024809999999999997	0
0.002484	2
0.002487	0
0.00249	2
0.002493	1
0.002496	1
0.002499	0
0.0025020000000000003	0
0.002505	1
0.002508	2
0.002511	0
0.002514	0
0.0025169999999999997	1
0.00252	2
0.002523	1
0.002526	1
0.002529	0
0.002532	0
0.002535	2
0.0025380000000000003	1
0.002541	2
0.0025440000000000003	0
0.0025470000000000002	2
0.00255	0
0.002553	3
0.002556	2
0.002559	1
0.002562	3
0.002565	0
0.002568	0
0.0025710000000000004	0
0.002574	0
0.002577	0
0.0025800000000000003	0
0.0025830000000000002	0
0.0025859999999999998	1
0.002589	1
0.002592	1
0.002595	1
0.002598	0
0.002601	0
0.002604	2
0.0026070000000000004	0
0.00261	0
0.002613	1
0.0026160000000000003	0
0.0026190000000000002	0
0.0026219999999999998	0
0.002625	0
0.002628	1
0.002631	1
0.002634	0
0.002637	1
0.00264	1
0.0026430000000000004	3
0.002646	1
0.002649	0
0.0026520000000000003	1
0.0026550000000000002	0
0.0026579999999999998	1
0.002661	0
0.002664	1
0.002667	0
0.00267	0
0.002673	0
0.002676	0
0.0026790000000000004	0
0.002682	0
0.002685	0
0.0026880000000000003	0
0.002691	0
0.0026939999999999998	0
0.002697	1
0.0027	0
0.0027029999999999997	1
0.002706	1
0.002709	0
0.002712	0
0.002715	0
0.002718	1
0.002721	0
0.0027240000000000003	0
0.002727	0
0.00273	0
0.002733	0
0.002736	1
0.0027389999999999997	0
0.002742	0
0.002745	1
0.002748	0
0.002751	1
0.002754	2
0.002757	0
0.0027600000000000003	1
0.002763	0
0.0027660000000000002	2
0.002769	0
0.002772	1
0.002775	0
0.002778	1
0.002781	0
0.0027840000000000005	2
0.002787	2
0.00279	1
0.0027930000000000003	1
0.0027960000000000003	0
0.002799	1
0.0028020000000000002	0
0.002805	3
0.002808	0
0.002811	0
0.002814	1
0.002817	0
0.00282	0
0.002823	0
0.002826	0
0.0028290000000000004	0
0.002832	1
0.002835	1
0.0028380000000000002	2
0.002841	0
0.0028439999999999997	0
0.002847	1
0.00285	0
0.002853	1
0.002856	1
0.002859	2
0.002862	0
0.0028650000000000004	0
0.002868	1
0.002871	0
0.0028740000000000003	1
0.0028770000000000002	1
0.0028799999999999997	0
0.002883	0
0.002886	0
0.002889	0
0.002892	2
0.002895	1
0.002898	0
0.0029010000000000004	2
0.002904	0
0.002907	0
0.0029100000000000003	0
0.0029130000000000002	1
0.0029159999999999998	2
0.002919	0
0.002922	1
0.002925	0
0.002928	0
0.002931	1
0.002934	0
0.0029370000000000004	1
0.00294	0
0.002943	1
0.0029460000000000003	0
0.002949	2
0.0029519999999999998	0
0.002955	0
0.002958	1
0.0029609999999999997	0
0.002964	1
0.002967	2
0.00297	0
0.002973	0
0.002976	1
0.002979	1
0.0029820000000000003	1
0.002985	0
0.002988	0
0.002991	0
0.002994	0
0.002997	316
