21.438743829727173	23.881996261835816
0.0009908676147460938	516718.87584215595
0.00039458274841308594	1297573.2012084592
0.00034236907958984375	1495462.1504178273
0.0003800392150878906	1347229.3902132998
0.000339508056640625	1508064.3595505618
0.0003421306610107422	1496504.2843205575
0.0003402233123779297	1504893.9369306236
0.5597636699676514	914.6717221387169
0.00042247772216796875	1211898.2212189615
0.503859281539917	1016.1567301791147
0.0005843639373779297	876166.3190534476
0.000438690185546875	1167110.6782608696
0.0002872943878173828	1782144.1062240663
0.0001850128173828125	2767375.8350515463
7.619734287261963	67.19394413213581
0.00044608116149902344	1147773.1950828433
0.0003371238708496094	1518729.5954738331
0.0009887218475341797	517840.2816493851
0.0008404254913330078	609215.2192907801
0.000331878662109375	1542732.5057471264
0.0003592967987060547	1425005.7385534174
0.0003364086151123047	1521958.644932672
0.0003287792205810547	1557276.0319071792
0.0003292560577392578	1555020.7443881244
0.0008559226989746094	598184.860167131
0.0003745555877685547	1366953.30872056
0.0014767646789550781	346703.8501775912
0.0009942054748535156	514984.0882494005
0.0005278587341308594	969956.4805781391
5.177335739135742	98.892562854243
0.0003771781921386719	1357448.5764854616
0.0006585121154785156	777510.3721940622
0.00019669532775878906	2603010.4824242424
0.0001900196075439453	2694458.7804265996
0.00020742416381835938	2468372.0091954023
0.0001914501190185547	2674325.8381070984
0.00018262863159179688	2803503.45691906
0.0001811981201171875	2825636.3789473684
0.0001862049102783203	2749658.960307298
1.1096601486206055	461.4025299876328
0.000518798828125	986895.0588235294
0.9432799816131592	542.7868819227971
0.4782698154449463	1070.52543034453
0.0005533695220947266	925240.6928048255
0.5067570209503174	1010.3461399308302
1.5140266418457031	338.1710637375817
3.31426739692688	154.48361241906633
0.0004649162292480469	1101273.6656410256
1.4344446659088135	356.9325552726113
0.00122833251953125	416825.2422360248
0.0008113384246826172	631056.0235086689
0.4980964660644531	1027.9133358351266
0.0006525516510009766	784612.2206795762
0.0004284381866455078	1195038.201446856
0.0005726814270019531	894039.8201498751
0.0006110668182373047	837878.9106515802
0.00029540061950683594	1733239.4253430185
0.0003573894500732422	1432610.8392261507
0.00034737586975097656	1473907.788606726
1.87794828414917	272.6379657637743
0.00045228004455566406	1132041.9862941487
1.3365137577056885	383.0862174429982
0.4802567958831787	1066.0963142821258
0.47863340377807617	1069.7122180745132
0.00021338462829589844	2399423.0703910613
0.0001926422119140625	2657776.792079208
1.5081868171691895	339.48049019617144
0.0011997222900390625	426765.43084260734
0.0003619194030761719	1414679.6100131753
0.0005545616149902344	923251.7833190026
0.0003266334533691406	1567506.312408759
0.49268269538879395	1039.20840896586
0.9866218566894531	518.9424869604891
0.0005147457122802734	994665.8860583603
1.0637104511260986	481.3339940939477
0.0007975101470947266	641998.1010463379
0.9556832313537598	535.7423706961287
0.00023484230041503906	2180186.444670051
0.4524393081665039	1131.6434950686844
1.3988690376281738	366.00995963718805
0.0008950233459472656	572052.1172083111
2.565908193588257	199.53948519257077
0.0006163120269775391	830748.0263056093
0.0004050731658935547	1263969.1865803413
0.0016732215881347656	305996.53006554575
0.0003962516784667969	1292108.091456077
0.00034427642822265625	1487177.0415512465
0.0003883838653564453	1318283.3934929403
0.5637345314025879	908.2289118002566
0.9862987995147705	519.1124639428626
0.0008327960968017578	614796.3492699685
0.488476037979126	1048.1578628057068
0.5074570178985596	1008.9524470865601
1.3158135414123535	389.1128825520636
0.00041174888610839844	1243476.345107122
0.00020432472229003906	2505815.2252042005
2.9702706336975098	172.37486516932037
0.0008082389831542969	633476.002359882
0.0003421306610107422	1496504.2843205575
0.00028514862060546875	1795554.889632107
0.0011370182037353516	450300.6181589432
0.0003745555877685547	1366953.30872056
0.5235955715179443	977.8539541800786
0.4828217029571533	1060.432861373334
0.4463653564453125	1147.0424229993505
0.47370409965515137	1080.8435062578674
0.9396593570709229	544.8783073857644
0.0007700920104980469	664855.6185758514
0.4183170795440674	1223.9519375064476
0.8803250789642334	581.6033329442407
0.0005061626434326172	1011532.5708902497
3.255256414413452	157.28407683431433
0.0004088878631591797	1252177.0542274052
0.0008351802825927734	613041.2926063375
0.0009913444519042969	516470.33381433383
0.00032067298889160156	1596642.117472119
0.0006814002990722656	751393.8586424072
0.0005285739898681641	968643.9548940009
0.515496015548706	993.2181521422918
0.5423150062561035	944.1007423611886
0.4869678020477295	1051.4042157346103
0.5414648056030273	945.5831564708762
0.4911644458770752	1042.4207295495883
1.2825777530670166	399.19607117436664
0.0008664131164550781	590942.1155751238
0.00044608116149902344	1147773.1950828433
2.8359246253967285	180.54076452344862
0.0007579326629638672	675521.7514941805
0.0008559226989746094	598184.860167131
0.5456404685974121	938.3468226176733
0.0006036758422851562	848137.3017377567
0.0011761188507080078	435330.153659031
0.00042557716369628906	1203072.0717086834
0.48035717010498047	1065.8735454872133
0.4934818744659424	1037.5254421534698
0.48743677139282227	1050.392645874848
0.47991490364074707	1066.8558032181286
0.47601890563964844	1075.5875322052643
0.43517518043518066	1176.5376864737405
0.8801283836364746	581.7333124566914
0.0004267692565917969	1199711.5351955306
3.3076140880584717	154.79435821986647
0.0009419918060302734	543529.1440141737
0.00040841102600097656	1253639.0239346176
0.0003902912139892578	1311840.9578497251
0.0003859996795654297	1326425.9715873997
0.00040841102600097656	1253639.0239346176
0.00044345855712890625	1154561.1010752688
0.49807095527648926	1027.9659847175358
0.5310654640197754	964.099597297358
0.47855520248413086	1069.8870210631096
0.4988126754760742	1026.437428662653
0.4926145076751709	1039.3522562222465
1.3035385608673096	392.77702660314145
0.0006432533264160156	795953.909562639
0.00041365623474121094	1237742.7365994237
1.5429692268371582	331.82774555362886
0.0008361339569091797	612342.0724265755
0.0005702972412109375	897777.4448160535
1.4087443351745605	363.44422988331445
0.0010104179382324219	506721.01179801795
0.4640676975250244	1103.287306422337
0.00028014183044433594	1827645.6578723404
0.4672396183013916	1095.7974879384817
0.5149788856506348	994.2155188617662
0.5283958911895752	968.9704415515738
0.5310409069061279	964.1441804981442
0.4827907085418701	1060.5009395196278
0.43506932258605957	1176.8239529201073
