17.578284978866577	29.12684602710389
2.239302635192871	228.64261040620866
0.0005686283111572266	900412.4310272536
0.0004405975341796875	1162058.251082251
0.00046706199645996094	1096214.2154160286
1.8449928760528564	277.50784658603305
0.0005249977111816406	975242.3469573115
0.00046181678771972656	1108664.7640681467
0.00045490264892578125	1125515.5387840671
0.0005192756652832031	985988.8191000918
0.0004551410675048828	1124925.9549502358
0.0004858970642089844	1053721.1226692835
0.00044608116149902344	1147773.1950828433
0.5239419937133789	977.2074125443899
0.0004324913024902344	1183838.835722161
0.0004050731658935547	1263969.1865803413
3.5503294467926025	144.2119689660195
2.1114487648010254	242.48753203739182
0.0004360675811767578	1174129.9332968835
0.0004229545593261719	1210531.932356257
0.0004050731658935547	1263969.1865803413
1.214540719985962	421.5585295533919
0.00045228004455566406	1132041.9862941487
0.00036644935607910156	1397191.7033181523
0.0004019737243652344	1273715.09371293
0.0003809928894042969	1343857.101376721
0.00039839744567871094	1285148.801915021
0.00035572052001953125	1439332.2037533512
0.0004322528839111328	1184491.808052951
0.4598572254180908	1113.389051426782
0.0002627372741699219	1948714.7441016333
0.00023102760314941406	2216185.395252838
0.47155284881591797	1085.7743756307398
0.41313648223876953	1239.2998972772705
0.4976234436035156	1028.8904322762153
0.8589608669281006	596.0690640437023
0.00023293495178222656	2198038.5342886387
1.8113055229187012	282.6690436933983
0.00023365020751953125	2191309.8448979594
0.0002243518829345703	2282129.275239107
1.4238207340240479	359.5958309674064
0.0002262592315673828	2262891.0937829292
0.0002677440643310547	1912273.9519145146
0.42870306968688965	1194.2998224247558
0.0004076957702636719	1255838.3906432749
0.9199435710906982	556.5558759141775
0.00033164024353027344	1543841.5873472323
0.49098658561706543	1042.7983472430824
0.5550012588500977	922.520430063183
1.347856044769287	379.8625246271305
0.00043511390686035156	1176703.3687671232
0.49390172958374023	1036.643464341607
0.00025153160095214844	2035529.5241706162
1.3709826469421387	373.45476337134744
0.8925285339355469	573.6511277038608
0.00025272369384765625	2025927.9698113208
1.2975707054138184	394.58350736788105
0.0003833770751953125	1335499.7810945273
0.0004115104675292969	1244196.7833140208
0.0004291534423828125	1193046.471111111
0.0003714561462402344	1378359.2092426186
0.924079418182373	554.0649320023633
0.0004200935363769531	1218776.190692395
0.4646766185760498	1101.841537818209
0.41991281509399414	1219.300725283635
1.3373138904571533	382.85701184557024
0.00029969215393066406	1708419.7677008752
0.4877336025238037	1049.7533845333364
0.0002465248107910156	2076870.0657640232
0.895463228225708	571.771105570118
0.4286038875579834	1194.5761922906834
0.00023865699768066406	2145338.3096903097
0.4330921173095703	1182.1965340321053
1.3787708282470703	371.3452515172098
0.0003762245178222656	1360889.5107731305
0.00039386749267578125	1299929.569007264
0.4166851043701172	1228.745627406014
0.9652767181396484	530.417848455688
0.00023436546325683594	2184622.2258392675
0.4606137275695801	1111.5604450209478
0.41055846214294434	1247.0818341621143
0.4634699821472168	1104.7101640282026
0.4668407440185547	1096.7337503421734
0.9175076484680176	558.0334952573937
0.00036978721618652344	1384580.0438426821
0.45688962936401367	1120.620751914854
0.8311135768890381	616.0409530505806
0.0002567768096923828	1993949.5338904364
1.7740154266357422	288.6107935210919
0.5160064697265625	992.2356211372978
0.0004456043243408203	1149001.416800428
0.00038933753967285156	1315054.28536436
0.0004355907440185547	1175415.2424740011
0.4559824466705322	1122.8502407022324
0.425952672958374	1202.0114733498453
0.43102574348449707	1187.8640840820576
0.541996955871582	944.6547521224651
0.46756434440612793	1095.036450331369
0.4531559944152832	1129.853750827338
0.45873379707336426	1116.1157151848504
0.4064509868621826	1259.6844799237906
0.878626823425293	582.7274860605639
0.4593968391418457	1114.5048384669278
0.0002636909484863281	1941666.9511754068
0.40624237060546875	1260.3313613912521
0.4261207580566406	1201.5373349447204
0.873469352722168	586.1682478089833
0.00039649009704589844	1291331.1172579676
0.4905269145965576	1043.7755498515373
0.9869122505187988	518.7897908155993
0.00040531158447265625	1263225.6752941175
0.494870662689209	1034.613765984242
0.37730884552001953	1356.978523242265
0.4572598934173584	1119.7133345186655
0.5011093616485596	1021.7330570628578
1.3008897304534912	393.576786728508
0.0004532337188720703	1129659.9936875328
0.00048351287841796875	1058916.986193294
0.8492386341094971	602.8929672245516
0.00033855438232421875	1512312.4281690142
0.42885637283325195	1193.87289646055
1.7751774787902832	288.4218654851958
0.0005373954772949219	952743.4108251997
0.00040435791015625	1266204.9811320754
0.0004239082336425781	1207808.575928009
0.459536075592041	1114.1671507299343
0.4699103832244873	1089.5694546834593
0.45227909088134766	1132.0443733144402
0.42475175857543945	1205.4099592599205
0.4219849109649658	1213.3135254272338
0.46763181686401367	1094.8784525260148
0.47432947158813477	1079.4184858169112
0.40502047538757324	1264.1336206769686
0.4482908248901367	1142.1157239287165
0.8379878997802734	610.9873425788727
0.00025200843811035156	2031678.0018921476
0.4264650344848633	1200.5673586310688
0.39424681663513184	1298.6788438011577
0.4835550785064697	1058.824573989351
0.9582409858703613	534.3123572771782
0.00044727325439453125	1144714.0980810234
0.8934733867645264	573.0444886042665
0.0003733634948730469	1371317.7828863347
0.48561739921569824	1054.3279561788997
0.8606505393981934	594.8988312469008
0.0003032684326171875	1688273.3081761007
0.48828768730163574	1048.5621761822476
0.8920915126800537	573.9321501466044
0.0004315376281738281	1186455.0541436465
0.4564094543457031	1121.7997241840444
0.8267388343811035	619.300773966041
0.0003523826599121094	1452965.9323410015
0.4076716899871826	1255.9125702746185
0.4255025386810303	1203.2830675631078
1.362877368927002	375.6757663406645
0.0004336833953857422	1180584.7432655306
0.00038623809814453125	1325607.1901234568
0.48327112197875977	1059.446709548068
0.44452762603759766	1151.7844336556388
0.4707624912261963	1087.5972694136958
0.836489200592041	612.0820204703448
0.00043201446533203125	1185145.5011037528
0.49222755432128906	1040.1693190580813
0.4942812919616699	1035.8474179105774
0.391953706741333	1306.2767137903115
0.46900391578674316	1091.6753203246328
0.8546111583709717	599.1028726748145
0.0003807544708251953	1344698.58985598
0.4319183826446533	1185.4091434242825
0.41594362258911133	1230.9360504507065
0.4630396366119385	1105.7368732972939
0.4290797710418701	1193.2513125864384
0.4893667697906494	1046.2500349564664
0.9607572555541992	532.9129673911857
0.00038123130798339844	1343016.665415885
0.45708608627319336	1120.139105905721
0.8337705135345459	614.0778447891059
0.0004279613494873047	1196369.720334262
0.512972354888916	998.1044692181773
0.9286460876464844	551.3402864783375
0.0005023479461669922	1019213.881347888
0.4608173370361328	1111.0693084879615
0.411527156829834	1244.146325467681
0.8638904094696045	592.6677671006306
0.0005929470062255859	863483.5737836751
0.4741029739379883	1079.9341665107727
0.8854420185089111	578.2422669100464
0.00043892860412597656	1166476.723519826
0.4356522560119629	1175.2492795215564
0.9448738098144531	541.8713003597195
0.000354766845703125	1443201.3763440861
0.5077762603759766	1008.3181116440852
0.8846943378448486	578.7309561031585
0.0001990795135498047	2571836.7041916167
0.4626429080963135	1106.6850718771016
0.49497342109680176	1034.3989761419298
0.4016556739807129	1274.723682914002
0.4541289806365967	1127.4330021446328
0.4253098964691162	1203.8280892369942
0.9188909530639648	557.1934278956376
