19.850862979888916	25.792329558604667
0.0010848045349121094	471974.42813186813
0.0005652904510498047	905729.0797132012
4.073835372924805	125.6800909047069
0.00038361549377441406	1334669.7625854567
0.00021767616271972656	2352117.9058050383
0.00019550323486328125	2618882.4975609756
0.00019216537475585938	2664371.771712159
0.0002224445343017578	2301697.3719185423
0.00021910667419433594	2336761.3144722525
0.002162933349609375	236715.56966490299
0.00036597251892089844	1399012.148534202
0.0003464221954345703	1477965.3461803165
0.0003941059112548828	1299143.1627344224
0.0003476142883300781	1472896.8779149519
0.0003864765167236328	1324789.4188772363
3.7893855571746826	135.1142532938086
0.5249669551849365	975.2994830305681
0.0006325244903564453	809454.8239728609
2.5450239181518555	201.17689124580173
0.00037980079650878906	1348075.1086001256
0.9695873260498047	528.0597077170336
0.000751495361328125	681308.2639593908
0.00043511390686035156	1176703.3687671232
0.0004189014434814453	1222244.5350028458
0.0004208087921142578	1216704.6164305948
0.0003790855407714844	1350618.6465408804
0.0003592967987060547	1425005.7385534174
0.0004050731658935547	1263969.1865803413
0.0016741752624511719	305822.2227285674
0.0012488365173339844	409981.6051928217
0.0003726482391357422	1373949.8707613563
1.500136137008667	341.30235741200727
0.00020313262939453125	2520520.7136150235
0.0001995563507080078	2565691.3357228194
2.949906826019287	173.5648039741349
1.051262617111206	487.0333936223654
0.9044818878173828	566.0699311906775
1.3224427700042725	387.1623117561041
0.00040340423583984375	1269198.3735224586
0.0003867149353027344	1323972.6559802713
0.0005323886871337891	961703.3802060009
0.00031113624572753906	1645581.3394636016
0.00036406517028808594	1406341.6162409955
0.000331878662109375	1542732.5057471264
0.0003936290740966797	1300716.9279224712
0.0003876686096191406	1320715.6506765068
0.0003542900085449219	1445143.7738896366
0.933668851852417	548.3742967157812
0.0004696846008300781	1090093.2223350254
0.4534616470336914	1129.0921808916714
0.5013227462768555	1021.2981633138346
0.47928452491760254	1068.2589847607155
3.7691094875335693	135.84110562281455
0.0007264614105224609	704786.2317033147
0.4107792377471924	1246.4115830389226
0.0006973743438720703	734182.4437606838
0.4353296756744385	1176.1201420665368
0.0005390644073486328	949793.7408226449
0.00035834312438964844	1428798.1689953427
0.0003719329833984375	1376592.082051282
0.5536463260650635	924.7781045328037
0.0004990100860595703	1026031.3655040611
0.000415802001953125	1231355.3027522936
1.4594213962554932	350.8239644243004
0.0006630420684814453	772198.3631787127
0.0006074905395507812	842811.4788069074
0.5203075408935547	984.0334028615314
0.451549768447876	1133.8727993592183
0.4563469886779785	1121.9532783228094
1.9532794952392578	262.1232656401203
1.435344934463501	356.7086821478029
0.000377655029296875	1355734.6262626264
1.7489054203033447	292.7545389568262
0.0011916160583496094	429668.59703881555
0.0003781318664550781	1354024.998738966
0.00043892860412597656	1166476.723519826
0.00042128562927246094	1215327.4748160725
0.00043487548828125	1177348.49122807
0.0003974437713623047	1288232.5422915416
0.000423431396484375	1209168.7207207207
0.5357434749603271	955.6812615177713
0.49968767166137695	1024.6400482479119
0.5130820274353027	997.8911219309097
0.4567728042602539	1120.9073640651327
0.9056165218353271	565.3607102511537
0.00030541419982910156	1676411.9032006245
0.9271838665008545	552.2097811432617
0.0002079010009765625	2462710.6055045873
1.5719749927520752	325.7049268345138
0.0002474784851074219	2068866.7129094412
0.00019288063049316406	2654491.5302843014
0.48595643043518066	1053.5923962185188
1.320110559463501	387.84630297032027
0.00038242340087890625	1338830.204488778
0.0007421970367431641	689843.7674269194
1.4056694507598877	364.2392596091628
0.0007281303405761719	703170.8081204977
0.00036644935607910156	1397191.7033181523
0.5392837524414062	949.4074273183844
0.4472060203552246	1144.8861971788936
0.5323898792266846	961.7012268221522
0.4359111785888672	1174.5512048060978
1.0526294708251953	486.40097412304465
0.0003731250762939453	1372194.0242811502
2.416926383972168	211.83930275879513
0.8901784420013428	575.165580115484
0.0004298686981201172	1191061.3688297283
0.00036716461181640625	1394469.9012987013
0.539360761642456	949.2718722082465
0.0007307529449462891	700647.1934747145
0.0002429485321044922	2107442.245338567
0.00022983551025390625	2227680.132780083
0.5666530132293701	903.5511821989595
0.4585866928100586	1116.4737399217656
0.5556833744049072	921.3880126399523
0.49694013595581055	1030.3051875961346
0.9504835605621338	538.6731777845728
0.0006191730499267578	826909.3754331921
0.926771879196167	552.4552605589217
0.0005795955657958984	883374.5981077746
0.9854180812835693	519.576421140038
0.5213708877563477	982.0264460935399
0.0004127025604248047	1240602.916233391
0.4641423225402832	1103.1099193837538
1.4583430290222168	351.08338011755944
0.0008640289306640625	592572.7505518764
0.0003809928894042969	1343857.101376721
1.4342849254608154	356.9723078805292
0.0005795955657958984	883374.5981077746
0.00036907196044921875	1387263.338501292
0.5554232597351074	921.8195151643148
0.4486684799194336	1141.1543777087677
0.5051524639129639	1013.5553849109126
0.456249475479126	1122.193070934116
0.9925284385681152	515.8542366187953
0.0007002353668212891	731182.7197820905
0.5213961601257324	981.9788467113632
1.4292538166046143	358.2288842273832
0.0006060600280761719	844800.8056648308
0.0004627704620361328	1106380.035033488
2.005768060684204	255.26381142261656
0.0006487369537353516	789225.8904814407
0.0003535747528076172	1448067.1935266352
0.00040411949157714844	1266952.004719764
0.5940589904785156	861.8672694231645
0.47948646545410156	1067.809076769469
0.45746350288391113	1119.2149685653249
0.4708538055419922	1087.386347893366
0.9705820083618164	527.518535877429
0.000560760498046875	913045.768707483
0.546705961227417	936.5180486609325
0.5070714950561523	1009.7195464385193
0.5363125801086426	954.6671455968504
0.5115852355957031	1000.8107434996906
0.914893627166748	559.6279007708982
0.0004184246063232422	1223637.4062678062
1.0079762935638428	507.9484540154725
0.0005197525024414062	985084.2422018349
0.4771761894226074	1072.9789359765207
1.3884382247924805	368.7596544502546
0.0004413127899169922	1160174.8503511616
0.0003116130828857422	1643063.2348890589
0.49996376037597656	1024.0742241297091
0.43892765045166016	1166.479257966883
0.5055747032165527	1012.7088969099293
0.505730152130127	1012.3976152963484
0.946786642074585	540.7765353323038
0.0008254051208496094	620301.4581166955
0.5418424606323242	944.9241010062253
0.47162890434265137	1085.599282159386
0.49503016471862793	1034.2804065102125
0.4970393180847168	1030.0995944806389
1.8749282360076904	273.0771184555887
0.0005588531494140625	916161.9658703072
0.0006041526794433594	847467.8958168903
0.0008556842803955078	598351.5319030371
0.5404150485992432	947.4199531029067
