1.9429771900177002	263.5131295572933
1.7633056640625	290.3637244721357
0.65523362159729	781.4006838536101
0.5944187641143799	861.3456218240772
0.6386682987213135	801.6680975477915
0.6128160953521729	835.4871940916697
0.5710701942443848	896.562288069431
0.6143743991851807	833.3680581076367
0.6160907745361328	831.0463671290893
0.5978844165802002	856.3528096760829
0.6080634593963623	842.0173784299972
0.7779948711395264	658.1020248245022
0.4276881217956543	1197.1340187105527
0.5650875568389893	906.0542809755842
0.5976316928863525	856.7149401451899
0.5545060634613037	923.3442765332899
0.6074891090393066	842.8134634539956
0.5832626819610596	877.8206043948184
0.6740210056304932	759.6202428751677
0.5878479480743408	870.9735258534084
0.6371111869812012	803.6273894765361
0.5794708728790283	883.5646862735175
0.6106808185577393	838.4085179049895
0.5642642974853516	907.3762105483763
0.5896086692810059	868.3725777376286
0.6137127876281738	834.2664684872137
0.5884246826171875	870.119855820346
0.6054935455322266	845.5911772766362
0.6877322196960449	744.475808078742
0.5961947441101074	858.779794787057
0.6045968532562256	846.8452940872594
0.5654385089874268	905.4919179750896
0.6333904266357422	808.348182209655
0.597137451171875	857.4240302550212
0.5976705551147461	856.6592341188729
0.6463634967803955	792.1239403993663
0.5855197906494141	874.4367110668087
0.5602099895477295	913.9430027182298
0.6539733409881592	782.9065313677216
0.632117748260498	809.975675274036
0.6260616779327393	817.8107973173317
0.6762063503265381	757.165323503331
0.6239087581634521	820.6328141748345
0.6256425380706787	818.3586774308486
0.5805613994598389	881.9049982936702
0.6829633712768555	749.6741721928285
0.7237703800201416	707.40667777224
0.48551249504089355	1054.5557637128895
0.6622567176818848	773.1140905480997
0.6060798168182373	844.7732225895063
0.6227598190307617	822.1468122282779
0.6230719089508057	821.735007861548
0.8260583877563477	619.8109087550581
0.4030888080596924	1270.1915552172295
0.6185383796691895	827.7578511358196
0.6155955791473389	831.7148747383321
0.6846909523010254	747.7826284681187
0.6048786640167236	846.4507519574938
0.6196849346160889	826.2263150179655
0.5978140830993652	856.4535605209192
0.6928732395172119	738.9519046178738
0.5284302234649658	968.907487241681
0.5972249507904053	857.298408786148
0.6159536838531494	831.2313302473353
0.5981686115264893	855.9459492423176
0.6392598152160645	800.9263022843822
0.6721651554107666	761.7175568809602
0.7192840576171875	711.8189185175756
0.588141679763794	870.5385413351872
0.6109645366668701	838.0191799563797
0.6617248058319092	773.7355400426954
0.5200343132019043	984.5504171591366
0.6899950504302979	742.0343083341022
0.5706279277801514	897.2571706957546
0.5941028594970703	861.8036284717206
0.7308275699615479	700.5756501864573
0.5565757751464844	919.9106803835425
0.8142595291137695	628.7921500375375
0.49438023567199707	1035.64010665607
0.6079325675964355	842.1986701983722
0.6760199069976807	757.3741463825808
0.5543007850646973	923.6862255936369
0.6025683879852295	849.6960846418489
0.6092171669006348	840.4228045719349
0.652031660079956	785.2379437176647
0.6231503486633301	821.6315710939587
0.6291704177856445	813.7699827051247
0.7438225746154785	688.3361939702893
0.596245527267456	858.7066511785064
0.5474624633789062	935.2239363407054
0.622483491897583	822.5117720619637
0.6843442916870117	748.1614243290361
0.5527019500732422	926.3582296609438
0.5819351673126221	879.8230950097366
0.6062114238739014	844.5898243357776
0.7852475643157959	652.0236715998187
0.522613525390625	979.6914452554745
0.599111795425415	854.5984303921791
0.7111210823059082	719.9899043068297
0.5336203575134277	959.4836343684964
0.6538333892822266	783.0741109169567
0.5950546264648438	860.425206744022
0.5978555679321289	856.3941317313689
0.6262452602386475	817.5710580306647
0.6093428134918213	840.2495092475102
0.6444175243377686	794.5159476011355
0.6488840579986572	789.0469702386486
0.5913739204406738	865.780485582579
0.6467275619506836	791.6780266109065
0.5826001167297363	878.8189107718852
0.6429886817932129	796.2815124087375
0.6801517009735107	752.7732405390844
0.5428781509399414	943.1213967876974
0.6489806175231934	788.9295707382233
