1.0733721256256104	477.0013938097964
1.01774263381958	503.07413975424026
0.4807755947113037	1064.945903311598
0.44712376594543457	1145.0968143404004
0.49744725227355957	1029.2548559870977
0.2694687843322754	1900.034548597901
0.4382007122039795	1168.4143492712249
0.39087772369384766	1309.8725482780915
0.3904709815979004	1311.2370038479528
0.5126481056213379	998.7357690114696
0.3838210105895996	1333.955114165065
0.3537325859069824	1447.421075689746
0.38626980781555176	1325.4983683438336
0.4094216823577881	1250.5444192683722
0.42200136184692383	1213.2662268178228
0.39805173873901367	1286.2649504357462
0.45104217529296875	1135.1488353997868
0.4506533145904541	1136.1283350712658
0.403125524520874	1270.0758668370759
0.505195140838623	1013.4697636839517
0.2743685245513916	1866.10326690042
0.4122929573059082	1241.8354253383775
0.47566699981689453	1076.3832685409996
0.43477463722229004	1177.6215909720293
0.2898728847503662	1766.2914571707045
0.4654502868652344	1100.0100643363521
0.4035947322845459	1268.5993127358888
0.4361379146575928	1173.940588040748
0.4834635257720947	1059.0250819486998
0.4304788112640381	1189.3732899340316
0.365769624710083	1399.788187457672
0.38117194175720215	1343.2258356679683
0.4279460906982422	1196.4123779343665
0.4127800464630127	1240.3700333559557
0.3998563289642334	1280.459912504718
0.43048095703125	1189.3673614064937
0.5005655288696289	1022.8431053896026
0.33655738830566406	1521.2858721585917
0.3951687812805176	1295.6489081472955
0.40822434425354004	1254.2123153782493
0.4207186698913574	1216.9652469480716
0.40736913681030273	1256.8453369073468
0.4095015525817871	1250.30050990525
0.3944575786590576	1297.9849486997387
0.46738314628601074	1095.4609811426242
0.40009617805480957	1279.6923042085662
0.4703643321990967	1088.517910374377
0.4578874111175537	1118.1788089573704
0.3779175281524658	1354.7929425317377
0.4141051769256592	1236.4008675310888
0.5291800498962402	967.5345850630446
0.2757737636566162	1856.5943083604009
0.49030256271362305	1044.2531590418182
0.3573188781738281	1432.8937855640606
0.3791165351867676	1350.5082276291876
0.4233856201171875	1209.299455797023
0.38642311096191406	1324.9725119325558
0.6001846790313721	853.07075953073
0.28012585639953613	1827.7498785037105
0.37142205238342285	1378.485732644267
0.44942283630371094	1139.2389496959177
0.42575693130493164	1202.5640978544636
0.43106794357299805	1187.7477962201954
0.5272164344787598	971.1381636010575
0.34429240226745605	1487.1080413858913
0.40714073181152344	1257.5504242032428
0.45296311378479004	1130.3348648456601
0.4872105121612549	1050.8804453515986
0.3750648498535156	1365.0972630465517
0.37791991233825684	1354.7843955407538
0.40534019470214844	1263.1365127167494
0.4824941158294678	1061.1528373145193
0.4417574405670166	1159.0070771480923
0.3923656940460205	1304.9051121680063
0.4318125247955322	1185.699743754393
0.4336051940917969	1180.7976633499609
0.4273805618286133	1197.9955237302545
0.4069485664367676	1258.1442526829874
0.3980734348297119	1286.1948454787587
0.4126131534576416	1240.87173593355
0.4041261672973633	1266.9310760648202
0.4308042526245117	1188.474804695715
0.4434471130371094	1154.5908969693842
0.43282651901245117	1182.9219733767543
0.39588046073913574	1293.3197032358232
0.48336291313171387	1059.2455194436538
0.4250328540802002	1204.6127613075996
0.5579166412353516	917.6998177833844
0.2908799648284912	1760.176230431978
0.6479907035827637	790.1347923189851
0.28942227363586426	1769.041454785098
0.3221409320831299	1589.366482207471
0.4674196243286133	1095.3754899260393
0.4922199249267578	1040.185441652297
0.33437085151672363	1531.2339507990641
0.6384024620056152	802.001919590806
0.19157791137695312	2672.5419246928577
0.4173624515533447	1226.751467685778
0.36761903762817383	1392.746151840644
0.42974281311035156	1191.410267676835
0.41040492057800293	1247.5483950799453
0.4826338291168213	1060.8456538094651
0.48140645027160645	1063.5503527448227
0.26148056983947754	1958.0804811398257
0.40979743003845215	1249.397781611168
0.42644572257995605	1200.6217271976577
0.4405710697174072	1162.1280542283655
0.4112863540649414	1244.8747568200527
0.4282207489013672	1195.6450062580452
0.36402368545532227	1406.501885611065
0.4377322196960449	1169.6648703527594
0.3741128444671631	1368.5710276246334
0.45525217056274414	1124.6514198210389
0.6063299179077148	844.4247675700672
0.20340824127197266	2517.105485983806
0.41608572006225586	1230.5156733650776
0.38819026947021484	1318.9408397556056
0.4632875919342041	1105.1450738458673
0.35158514976501465	1456.2617344395808
0.42847204208374023	1194.94377628479
0.3835322856903076	1334.9593218168516
0.4486520290374756	1141.1962208182347
0.3525354862213135	1452.3360626413037
0.4393453598022461	1165.3702231667053
0.5366020202636719	954.1522034307976
0.3303859233856201	1549.7028285990364
0.4030129909515381	1270.430510915137
0.4178638458251953	1225.2794902342057
0.435136079788208	1176.643408308508
0.4474978446960449	1144.1395887566052
0.3609428405761719	1418.507149726799
0.44632434844970703	1147.1478125233705
0.41539597511291504	1232.5588851958075
0.3982870578765869	1285.5049891142787
0.41132497787475586	1244.75786188676
0.3893420696258545	1315.0389848495333
0.4069099426269531	1258.2636754820987
0.43067193031311035	1188.8399590559848
0.41129541397094727	1244.8473350499507
0.42020249366760254	1218.4601655529752
0.4555041790008545	1124.029204568592
0.35236191749572754	1453.0514637871106
0.39039182662963867	1311.5028673121528
0.44841909408569336	1141.789024492691
0.35921335220336914	1425.3367723094282
0.4185006618499756	1223.4150305443056
0.42885684967041016	1193.871569017699
0.5488080978393555	932.9308405173538
0.3370065689086914	1519.2582199747012
0.382720947265625	1337.7893309943386
0.414506196975708	1235.2046935259827
0.4486517906188965	1141.196827262669
0.44377565383911133	1153.7361177222738
0.33634042739868164	1522.2671980287996
0.3957698345184326	1293.6812140394547
0.4990859031677246	1025.8754990880507
0.5165553092956543	991.1813716485352
0.282146692276001	1814.6588778689363
0.40743327140808105	1256.6474952586432
0.5134584903717041	997.1594775448191
0.3588576316833496	1426.7496488740717
0.4948234558105469	1034.712469644991
0.36252808570861816	1412.3043708440284
0.46741604804992676	1095.3838708278818
0.5357329845428467	955.6999751226844
0.29927778244018555	1710.7851970345632
0.40154552459716797	1275.073356909258
0.39653825759887695	1291.174281897208
0.42537784576416016	1203.6357913286
0.4575655460357666	1118.9653688653787
