1.8009283542633057	284.2978171718778
1.625969648361206	314.88902669003585
0.5161426067352295	991.9739105410561
0.5539894104003906	924.2053916336719
0.485889196395874	1053.7381851619775
0.5671541690826416	902.7527750137989
0.40717506408691406	1257.4443897937483
0.49436140060424805	1035.6795643312619
0.5926477909088135	863.9195283506555
0.5655410289764404	905.3277724635769
0.339857816696167	1506.5123555999542
0.4469425678253174	1145.5610560686393
0.49875688552856445	1026.5522439001538
0.5132439136505127	997.5763694075489
0.683624267578125	748.949421900808
0.29291582107543945	1747.9424570519739
0.5148136615753174	994.5346019631498
0.5291337966918945	967.619160221831
0.485382080078125	1054.839107198994
0.5413680076599121	945.7522290856147
0.4210031032562256	1216.1430546235024
0.5097806453704834	1004.3535482362295
0.4967937469482422	1030.6087851249506
0.486161470413208	1053.1480406393184
0.5035693645477295	1016.7417560435638
0.5032780170440674	1017.3303475624864
0.4848189353942871	1056.0643626338717
0.5079290866851807	1008.0147276884392
0.47065138816833496	1087.8540101466272
0.7692451477050781	665.5875588263007
0.23373007774353027	2190.561030668088
0.540332555770874	947.5645961579107
0.4676015377044678	1094.9493504950635
0.5417850017547607	945.0243147036341
0.6082978248596191	841.6929653137549
0.4318079948425293	1185.7121825331533
0.4915132522583008	1041.6809671917717
0.49810171127319336	1027.902511499672
0.502643346786499	1018.6148951802903
0.5232532024383545	978.4937724491418
0.6220755577087402	823.0511449217262
0.38221001625061035	1339.5776620994882
0.4996459484100342	1024.7256114640352
0.5605745315551758	913.3486649484098
0.45654749870300293	1121.460530294287
0.4626338481903076	1106.7067444433621
0.47809338569641113	1070.9204839849417
0.6212313175201416	824.1696539765961
0.5779681205749512	885.862008255183
0.3176693916320801	1611.7385353669538
0.5007197856903076	1022.5279979582615
0.5065498352050781	1010.7593851900383
0.49021244049072266	1044.4451378823987
0.520728349685669	983.2381899488712
0.7295970916748047	701.757183303313
0.33586978912353516	1524.4002782628447
0.5170705318450928	990.1937327060598
0.49542689323425293	1033.4521742603722
0.5705080032348633	897.4457800712446
0.5647933483123779	906.526256957299
0.40950512886047363	1250.2895908159635
0.6426413059234619	796.7119375625364
0.39656662940979004	1291.0819066193476
0.5172200202941895	989.9075440057012
0.4740278720855713	1080.1052641638212
0.5103414058685303	1003.24996975044
0.5544528961181641	923.4328174397044
0.4479985237121582	1142.860908909966
0.48289918899536133	1060.2627042409845
0.5011081695556641	1021.735487677229
0.5060818195343018	1011.6941179020107
0.5013062953948975	1021.3316782640416
0.5004088878631592	1023.1632819039987
0.5298886299133301	966.2407741863493
0.6242856979370117	820.1373212488028
0.4722275733947754	1084.2230078165628
0.5661258697509766	904.392516500288
0.41432881355285645	1235.7335122547145
0.46534013748168945	1100.2704446919681
0.4832324981689453	1059.53138901059
0.5196774005889893	985.2266029265696
0.46739864349365234	1095.4246597143865
0.5004839897155762	1023.0097476064486
0.49909424781799316	1025.8583468722188
0.5285539627075195	968.6806572734375
0.6341564655303955	807.371725796052
0.37590599060058594	1362.042672376613
0.5362813472747803	954.7227450699698
0.5242478847503662	976.637226192723
0.4541049003601074	1127.4927876664212
0.6830565929412842	749.5718587464271
0.3316636085510254	1543.7328268748859
0.4754829406738281	1076.7999358177224
0.486236572265625	1052.9853762631017
0.5465309619903564	936.8179217795794
0.4347543716430664	1177.6764844594877
0.7307486534118652	700.6513082295426
0.3384270668029785	1512.8813567919203
0.5126984119415283	998.6377723720979
0.4550633430480957	1125.1180914079619
0.5319650173187256	962.4693040543235
0.5009684562683105	1022.0204358052059
0.5954005718231201	859.9252742271525
0.3966081142425537	1290.9468606758662
0.6305115222930908	812.039085563291
0.35271620750427246	1451.5919288846349
0.5323183536529541	961.8304469242466
0.4863169193267822	1052.811406826584
0.5216424465179443	981.515218743587
0.5389161109924316	950.0551005185858
0.5417177677154541	945.1416041958885
0.39757513999938965	1287.8068784702837
0.48476648330688477	1056.1786295688987
0.47284722328186035	1082.8021711672418
0.5615019798278809	911.8400618230146
0.476778507232666	1073.8739104909903
0.4897196292877197	1045.4961765463358
0.5448405742645264	939.7244335026674
0.5972199440002441	857.305595942708
0.4207181930541992	1216.966626242477
0.5203232765197754	984.0036437050322
0.507288932800293	1009.2867533571083
0.48868513107299805	1047.7093888160866
0.5145776271820068	994.9907904155826
0.514277458190918	995.5715379808219
0.5904943943023682	867.0700432387604
0.4800577163696289	1066.5384234877636
0.46910715103149414	1091.435078050273
0.5900509357452393	867.7216982180356
0.4281880855560303	1195.7362132931244
0.5027179718017578	1018.463688825317
0.4735264778137207	1081.2489353581918
0.5435268878936768	941.9957161349413
0.483212947845459	1059.5742566148035
0.49268054962158203	1039.2129350209925
0.4586172103881836	1116.3994468647002
0.544825553894043	939.7503408945704
0.5211961269378662	982.3557266399977
0.48980188369750977	1045.3206021481928
0.6117117404937744	836.9955423558048
0.44418811798095703	1152.6647815958693
0.5425119400024414	943.7580304641699
0.448091983795166	1142.6225384876511
0.4889352321624756	1047.1734624962758
0.4826493263244629	1060.8115915110716
0.5307648181915283	964.6457007918016
0.47773075103759766	1071.7333956166144
0.4846940040588379	1056.3365663955012
0.636864185333252	803.9390686290292
0.443784236907959	1153.7138037333873
0.45000243186950684	1137.7716290841545
0.5614674091339111	911.8962056760929
0.45232129096984863	1131.9387572983592
0.48802614212036133	1049.1241263746197
0.5074317455291748	1009.0026974289146
0.47390127182006836	1080.393808680043
0.5565743446350098	919.9130447447399
0.49375152587890625	1036.958820711714
0.5272042751312256	971.1605617624381
0.6571784019470215	779.0882939595981
0.32170915603637695	1591.4996212980213
0.48917388916015625	1046.6625699892384
0.5402941703796387	947.631916221199
0.46269869804382324	1106.5516332002026
0.5339910984039307	958.8174812844993
0.4551823139190674	1124.8240196147756
0.6496424674987793	788.1258162990431
0.4427931308746338	1156.2961669903602
0.5245895385742188	976.001163484053
0.43796706199645996	1169.0376844004275
0.6315007209777832	810.7670870228708
0.4333333969116211	1181.538288184197
0.5645632743835449	906.8956895204713
0.5217528343200684	981.3075585247602
0.7153308391571045	715.7527286301605
0.24338221549987793	2103.686988584656
0.5053582191467285	1013.1427185739371
0.5000965595245361	1023.8022842764225
