1.612307071685791	317.55737414502846
2.8483810424804688	179.75123144132874
0.7764565944671631	659.4058233884352
0.802776575088501	637.7864226339132
0.7165074348449707	714.5773722652026
0.75227952003479	680.598084042381
0.7059249877929688	725.2895263004312
0.7510809898376465	681.6841418269338
0.7029194831848145	728.3906795131227
0.7535803318023682	679.4232524294114
0.7178435325622559	713.2473537408323
0.844306468963623	606.4148728227493
0.7181272506713867	712.9655635840645
0.8391866683959961	610.1145541058536
0.6563079357147217	780.1216047196355
0.8245289325714111	620.960623423189
0.7332069873809814	698.3021286101845
0.7064719200134277	724.72802597769
0.7497878074645996	682.8598636877321
0.7928726673126221	645.7531216650243
0.7800905704498291	656.3340455516105
0.6899337768554688	742.1002089991264
0.7692389488220215	665.5929224385403
0.7799170017242432	656.4801111760208
0.7971832752227783	642.2613417936021
0.7395281791687012	692.3333206525489
0.7772185802459717	658.7593413399405
0.7261569499969482	705.081731989416
0.8020548820495605	638.3603060823492
0.8896491527557373	575.5077700170363
0.6702086925506592	763.9411510039455
0.8204953670501709	624.013273640694
0.7976410388946533	641.8927500389324
0.7258715629577637	705.3589452019789
0.8071060180664062	634.3652364612578
0.7703418731689453	664.6399706844343
0.7672889232635498	667.284492811761
0.798198938369751	641.4441004465799
0.7627553939819336	671.2505792022325
0.8225936889648438	622.4215027036051
0.7700285911560059	664.9103759009256
0.7728273868560791	662.502401840151
0.7592229843139648	674.3736828023509
0.787226676940918	650.3844635824328
0.7744193077087402	661.1405409232948
0.8350081443786621	613.1676720123303
0.7468276023864746	685.5665194536368
0.784102201461792	652.9761031731383
0.800330400466919	639.735788745867
0.6941936016082764	737.5464118566082
0.7505967617034912	682.123912762437
0.6908349990844727	741.1321092280019
0.7703039646148682	664.6726792532953
0.8046727180480957	636.2835330641811
0.7491714954376221	683.4216239112509
0.7536249160766602	679.3830579082372
0.7285666465759277	702.7497105532703
0.7264432907104492	704.803811319219
0.9230301380157471	554.6947807150206
0.674968957901001	758.5534030960517
0.7575967311859131	675.8212897758082
0.8179912567138672	625.9235606708902
0.7186071872711182	712.4893948588232
0.7799630165100098	656.4413814016132
0.7215137481689453	709.6191878524166
0.7381136417388916	693.6601236549432
0.8854935169219971	578.2086375739124
0.7659437656402588	668.4563840950059
0.7782700061798096	657.8693717276685
0.7561140060424805	677.1465624341768
0.830848217010498	616.2377068608798
0.7484784126281738	684.054464847137
0.9715352058410645	527.0009742536897
0.6900651454925537	741.9589343764716
0.6940932273864746	737.653069931074
0.7657148838043213	668.6561941387596
0.8807716369628906	581.3084555782216
0.7409183979034424	691.0342642979216
0.8742008209228516	585.6777844929342
0.6324169635772705	809.5924516380281
0.7274856567382812	703.7939446058331
0.7490341663360596	683.5469235061402
0.712165117263794	718.9343982012945
0.7746303081512451	660.9604537962811
0.8750855922698975	585.0856242209584
0.8849692344665527	578.5511858032291
0.623267650604248	821.4769361182538
0.8348495960235596	613.2841202040316
0.7384576797485352	693.3369562550286
0.7636942863464355	670.4253379312843
0.7641422748565674	670.0322922143059
0.7646517753601074	669.5858382842009
0.8557870388031006	598.2796849974271
0.6729834079742432	760.7914161527078
0.7171909809112549	713.8963171977686
0.900902271270752	568.3191355237759
0.6932582855224609	738.5414796941676
0.7192130088806152	711.8892368157773
