1.7522735595703125	292.1918197096754
1.7728478908538818	288.80086252261503
0.5549430847167969	922.6171369651142
0.4988987445831299	1026.2603495380956
0.48927783966064453	1046.440199202799
0.5055155754089355	1012.8273487633272
0.5264873504638672	972.4830037205966
0.5169200897216797	990.4819142851871
0.5103297233581543	1003.2729362320005
0.6660821437835693	768.6739612800138
0.3948354721069336	1296.7426590824005
0.5007925033569336	1022.379521594153
0.4765048027038574	1074.490744048602
0.5487282276153564	933.0666334134684
0.5463182926177979	937.1826038382229
0.547309160232544	935.4858957274869
0.44228053092956543	1157.6363059072514
0.49553513526916504	1033.2264325150054
0.6368236541748047	803.9902359836947
0.4039151668548584	1267.5929056756129
0.4758899211883545	1075.8790577482168
0.5256226062774658	974.0829140246782
0.54347825050354	942.0800179687503
0.5453145503997803	938.907644449691
0.5167303085327148	990.8456917378297
0.49315333366394043	1038.2166459182909
0.5582222938537598	917.1973345337783
0.5417170524597168	945.142852112955
0.4487287998199463	1141.000979222732
0.5279414653778076	969.8044832178516
0.5374469757080078	952.6521185192546
0.6531805992126465	783.856716836312
0.399890661239624	1280.3499796990693
0.6061155796051025	844.7233782269367
0.46195220947265625	1108.339757882046
0.42888617515563965	1193.7899369551815
0.5223979949951172	980.0956452843691
0.5428988933563232	943.085363159797
0.4891929626464844	1046.621760930762
0.48032474517822266	1065.9454986230708
0.5316643714904785	963.0135616660732
0.5121979713439941	999.613486669081
0.5631499290466309	909.1717384512083
0.5157380104064941	992.7521138037743
0.49500107765197754	1034.3411825054125
0.5115728378295898	1000.8349977536385
0.625640869140625	818.3608604458319
0.4779472351074219	1071.2479587520254
0.5077011585235596	1008.4672674156227
0.5026161670684814	1018.6699782982508
0.5203258991241455	983.9986840206103
0.5269920825958252	971.5515980392379
0.4898247718811035	1045.271757150492
0.49362850189208984	1037.217255562618
0.5333395004272461	959.9888993593171
0.6323652267456055	809.6586882788429
0.39913249015808105	1282.7820651664224
0.5124516487121582	999.1186510702166
0.6911227703094482	740.8235150040758
0.3925771713256836	1304.2021732212309
0.47566676139831543	1076.3838080568755
0.48478031158447266	1056.1485022495274
0.5193579196929932	985.8326610339501
0.4907493591308594	1043.3024322370518
0.5288386344909668	968.1592202370487
0.5126080513000488	998.8138085258187
0.5225796699523926	979.7549147800634
0.5017786026000977	1020.3703333441033
0.5399429798126221	948.2482764711207
0.49135804176330566	1042.0100140472268
0.5002133846282959	1023.5631747048565
0.5540995597839355	924.0216689571965
0.5118401050567627	1000.3123923695264
0.5021717548370361	1019.5714814071001
0.4963996410369873	1031.4270149962706
0.5088989734649658	1006.093599509388
0.5125634670257568	998.9006882815381
0.6039023399353027	847.8192021161096
0.46274518966674805	1106.4404588813197
0.5750460624694824	890.3634568007702
0.4156615734100342	1231.7713080851274
0.49832749366760254	1027.436789071721
0.5045168399810791	1014.8323295198661
0.5300612449645996	965.9261167720235
0.5272867679595947	971.0086258778143
0.4544484615325928	1126.6404077446298
0.5417437553405762	945.0962654440248
0.5483911037445068	933.6402368747008
0.48775577545166016	1049.7056637123153
0.5649032592773438	906.3498777737261
0.45197176933288574	1132.8141152614828
0.4781925678253174	1070.6983639006125
0.5010194778442383	1021.9163578290572
0.6296069622039795	813.2057469754006
0.4814932346343994	1063.3586583802462
0.4642317295074463	1102.8974700700364
0.4922828674316406	1040.0524451952358
0.5258920192718506	973.5838941022809
0.6371400356292725	803.5910025561685
0.34407925605773926	1488.029257753575
0.6010551452636719	851.835316666984
0.4086909294128418	1252.780434191628
0.5342574119567871	958.3395354773527
0.48868346214294434	1047.7129669066546
0.4846971035003662	1056.3298115512941
0.5116100311279297	1000.7622385182921
0.515824556350708	992.5855481216995
0.45760631561279297	1118.865676743047
0.5223574638366699	980.1716936126551
0.4838221073150635	1058.2401925395839
0.5349032878875732	957.1823759430937
0.5104312896728516	1003.0733036138005
0.5081584453582764	1007.55975754573
0.48138904571533203	1063.588805264941
0.5975465774536133	856.8369719090991
0.5851504802703857	874.9886008184006
0.3054814338684082	1676.0429382446644
0.48570990562438965	1054.1271530005424
0.5691523551940918	899.5833810182481
0.4727139472961426	1083.1074541560877
0.4869661331176758	1051.407819106539
0.4914422035217285	1041.8315649957453
0.5055632591247559	1012.731820912753
0.4970672130584717	1030.0417861995893
0.5644302368164062	907.1094470201808
0.6267600059509277	816.8996029400241
0.39216113090515137	1305.5857902547539
0.4717254638671875	1085.3770661491185
0.5508124828338623	929.5359418251074
0.4639780521392822	1103.5004730057835
0.4918360710144043	1040.9972553334853
0.505110502243042	1013.6395852518683
0.49103665351867676	1042.6920196916133
0.5036439895629883	1016.5911052453187
0.5118856430053711	1000.2234034030677
0.5232565402984619	978.4875306249564
0.4641432762145996	1103.1076528258777
0.48702096939086914	1051.2894355254823
