7.066403865814209	0.00043773651123046875	18.073333263397217
0.0012793540954589844	0.00024700164794921875	0.9191100597381592
0.001338958740234375	0.0002155303955078125	0.29135608673095703
0.0013568401336669922	0.0002067089080810547	0.32119250297546387
0.001298666000366211	0.00017142295837402344	0.5584874153137207
0.0011720657348632812	0.00020241737365722656	0.39601612091064453
0.001140594482421875	0.00021982192993164062	0.32479071617126465
0.0009613037109375	0.00020456314086914062	0.5653517246246338
0.0009419918060302734	0.00022935867309570312	0.4060251712799072
0.0008969306945800781	0.0002346038818359375	0.33234667778015137
0.0011584758758544922	0.0002396106719970703	0.3228788375854492
0.0015125274658203125	0.0002627372741699219	0.3983883857727051
0.0010251998901367188	0.0001506805419921875	0.3144192695617676
0.0013835430145263672	0.00024700164794921875	0.3477656841278076
0.0012729167938232422	0.0007371902465820312	0.31714367866516113
0.0009551048278808594	0.0001399517059326172	0.41911911964416504
0.0012364387512207031	0.00015163421630859375	0.4077448844909668
0.0009579658508300781	0.004811286926269531	0.339385986328125
0.0029189586639404297	0.0034911632537841797	0.39527297019958496
0.0011441707611083984	0.004612922668457031	0.42092251777648926
0.0010826587677001953	0.0002772808074951172	0.32290124893188477
0.001058816909790039	0.00016927719116210938	0.3375420570373535
0.0026693344116210938	0.0005059242248535156	0.32122087478637695
0.001657247543334961	0.00033354759216308594	0.32985568046569824
0.0013089179992675781	0.00022673606872558594	0.3273661136627197
0.0013790130615234375	0.00012063980102539062	0.32460522651672363
0.0009133815765380859	0.00567626953125	0.40095973014831543
0.0010297298431396484	0.003823995590209961	0.32062625885009766
0.004518985748291016	0.0002346038818359375	0.40651774406433105
0.0009777545928955078	0.0002815723419189453	0.33689045906066895
0.0009877681732177734	0.0009751319885253906	0.3828468322753906
0.0011675357818603516	0.00025773048400878906	0.27110934257507324
0.0009672641754150391	0.00015020370483398438	0.39411163330078125
0.0009970664978027344	0.00028133392333984375	0.4563462734222412
0.001127481460571289	0.0002002716064453125	0.38915014266967773
0.0010519027709960938	0.000156402587890625	0.3378002643585205
0.003188610076904297	0.00017189979553222656	0.37676239013671875
0.0009479522705078125	0.00015735626220703125	0.3290410041809082
0.0010845661163330078	0.00016260147094726562	0.39735984802246094
0.0009412765502929688	0.00011706352233886719	0.32407689094543457
0.0010879039764404297	0.0002589225769042969	0.3953361511230469
0.0021741390228271484	0.0001494884490966797	0.3322138786315918
0.0010828971862792969	0.00041413307189941406	0.32665395736694336
0.0010797977447509766	0.00039315223693847656	0.3411519527435303
0.0010020732879638672	0.0003178119659423828	0.38273143768310547
0.0012450218200683594	0.0003414154052734375	0.3249223232269287
0.0013651847839355469	0.0009441375732421875	0.33175230026245117
0.001310110092163086	0.00030684471130371094	0.33963656425476074
0.002693653106689453	0.0004513263702392578	0.384157657623291
0.0009446144104003906	0.0002493858337402344	0.44104790687561035
0.0011324882507324219	0.0003056526184082031	0.3748505115509033
0.0011265277862548828	0.0002040863037109375	0.3379092216491699
0.0009949207305908203	0.00020837783813476562	0.3237130641937256
0.0010178089141845703	0.00023365020751953125	0.33371806144714355
0.001232147216796875	0.0006422996520996094	0.3229811191558838
0.0010902881622314453	0.00019598007202148438	0.33160877227783203
0.001312255859375	0.00032210350036621094	0.3830411434173584
0.001239776611328125	0.0002899169921875	0.33031249046325684
0.0009434223175048828	0.0001709461212158203	0.3267204761505127
0.0012044906616210938	0.0005061626434326172	0.32543396949768066
0.0010800361633300781	0.0002620220184326172	0.3412935733795166
0.0009789466857910156	0.0002415180206298828	0.4023728370666504
0.001558065414428711	0.0002162456512451172	0.33132290840148926
0.0010106563568115234	0.00024771690368652344	0.3204376697540283
0.0013129711151123047	0.001291513442993164	0.3294076919555664
0.0019690990447998047	0.0005152225494384766	0.3432888984680176
0.003911256790161133	0.00023293495178222656	0.40453076362609863
0.003571748733520508	0.00015854835510253906	0.3391244411468506
0.0022125244140625	0.0002732276916503906	0.33710408210754395
0.0013833045959472656	0.0002720355987548828	0.3164055347442627
0.0026862621307373047	0.00016760826110839844	0.3863341808319092
0.001544952392578125	0.00014781951904296875	0.33951377868652344
0.001100778579711914	0.00040602684020996094	0.33615541458129883
0.001055002212524414	0.00013208389282226562	0.32341790199279785
0.0035924911499023438	0.00014019012451171875	0.3685414791107178
0.004403829574584961	0.00014257431030273438	0.36940884590148926
0.0014541149139404297	0.00018167495727539062	0.3232150077819824
0.0012977123260498047	0.0002906322479248047	0.3418605327606201
0.0009598731994628906	0.00029397010803222656	0.3820841312408447
0.0008547306060791016	0.00019073486328125	0.272479772567749
0.0010704994201660156	0.0003132820129394531	0.39942049980163574
0.0011112689971923828	0.000804901123046875	0.31796813011169434
0.0039997100830078125	0.00018167495727539062	0.47721147537231445
0.0012657642364501953	0.0002377033233642578	0.40725183486938477
0.0029745101928710938	0.0001232624053955078	0.33177757263183594
0.0021605491638183594	0.0002601146697998047	0.31798744201660156
0.0010721683502197266	0.0002536773681640625	0.3435366153717041
0.0011179447174072266	0.00022029876708984375	0.32552647590637207
0.0011873245239257812	0.0001900196075439453	0.40233421325683594
0.0015895366668701172	0.0004744529724121094	0.32677221298217773
0.0010678768157958984	0.00024127960205078125	0.42185449600219727
0.0020461082458496094	0.0002911090850830078	0.3179621696472168
0.0010836124420166016	0.00022482872009277344	0.3991973400115967
0.0016393661499023438	0.00010180473327636719	0.339505672454834
0.0009648799896240234	0.0002110004425048828	0.33205461502075195
0.0011861324310302734	0.0001990795135498047	0.3251206874847412
0.0010762214660644531	0.00028967857360839844	0.3760957717895508
0.0011599063873291016	0.0001537799835205078	0.3758664131164551
0.0011785030364990234	0.00016498565673828125	0.32810020446777344
0.0013730525970458984	0.002292156219482422	0.43807148933410645
0.0013194084167480469	0.00034427642822265625	0.4033803939819336
0.001982450485229492	0.00013971328735351562	0.339188814163208
0.001753091812133789	0.00024700164794921875	0.333202600479126
0.0021266937255859375	0.00044918060302734375	0.34038639068603516
0.0018010139465332031	0.0002655982971191406	0.31920361518859863
0.0013241767883300781	0.00026345252990722656	0.33547520637512207
0.0013623237609863281	0.0001761913299560547	0.3336331844329834
0.00102996826171875	0.00016021728515625	0.3268871307373047
0.0013458728790283203	0.0001456737518310547	0.33275628089904785
0.001094818115234375	0.00023984909057617188	0.38181018829345703
0.00449681282043457	0.00040531158447265625	0.37717628479003906
0.0021712779998779297	0.00018310546875	0.3284177780151367
0.0011661052703857422	0.000202178955078125	0.32146453857421875
0.003509044647216797	0.00016379356384277344	0.4115586280822754
0.0009565353393554688	0.00019669532775878906	0.3326115608215332
0.004456043243408203	0.00014710426330566406	0.3717780113220215
0.0011487007141113281	0.0002689361572265625	0.3331930637359619
0.0028274059295654297	0.0005552768707275391	0.33429551124572754
0.0017957687377929688	0.0001494884490966797	0.38412928581237793
0.0009400844573974609	0.00017714500427246094	0.3229787349700928
0.0011513233184814453	0.00023603439331054688	0.4056098461151123
0.0010654926300048828	0.0002529621124267578	0.3231039047241211
0.0013387203216552734	0.0007331371307373047	0.3276400566101074
0.0010943412780761719	0.0033385753631591797	0.33110547065734863
0.0012359619140625	0.00023126602172851562	0.4095447063446045
0.0018887519836425781	0.0001766681671142578	0.3272686004638672
0.0010547637939453125	0.00021886825561523438	0.33339786529541016
0.000982046127319336	0.0001628398895263672	0.32565903663635254
0.0009701251983642578	0.0007138252258300781	0.3982272148132324
0.0009734630584716797	0.00019931793212890625	0.3943476676940918
0.0012094974517822266	0.00012874603271484375	0.3348090648651123
0.0016222000122070312	0.00035500526428222656	0.3899972438812256
0.0013308525085449219	0.00025725364685058594	0.46184444427490234
0.0012428760528564453	0.0002377033233642578	0.3186037540435791
0.0012006759643554688	0.002986907958984375	0.3386390209197998
0.0013165473937988281	0.00016236305236816406	0.32480955123901367
0.0011951923370361328	0.0002510547637939453	0.33841490745544434
0.001009225845336914	0.00014281272888183594	0.3936631679534912
0.0009725093841552734	0.0006940364837646484	0.32311534881591797
0.0030944347381591797	0.0002231597900390625	0.41401028633117676
0.001100301742553711	0.0003681182861328125	0.3398723602294922
0.001302957534790039	0.00042891502380371094	0.32259464263916016
0.0011675357818603516	0.0008363723754882812	0.404815673828125
0.0009584426879882812	0.0001671314239501953	0.31274986267089844
0.0012392997741699219	0.00014090538024902344	0.3450033664703369
0.0012898445129394531	0.00024175643920898438	0.31645822525024414
0.0009298324584960938	0.00025153160095214844	0.3459126949310303
0.004921436309814453	0.00018358230590820312	0.3178846836090088
0.002661466598510742	0.0007538795471191406	0.3298377990722656
0.0038361549377441406	0.00016236305236816406	0.3830440044403076
0.0036830902099609375	0.0006945133209228516	0.28527045249938965
0.00135040283203125	0.0002770423889160156	0.40269994735717773
