10.823546648025513	94.60854498989971
0.7810008525848389	1311.1381333463582
0.4869425296783447	2102.9175674517783
0.41188979148864746	2486.101916483705
0.4179983139038086	2449.7706472463115
0.40653491020202637	2518.8488720221494
0.0011539459228515625	887389.9371900826
0.000993967056274414	1030215.2305109139
4.221991062164307	242.5395944526396
2.1386563777923584	478.8052959947827
0.0012233257293701172	837062.423699084
0.0012509822845458984	818556.7554793215
0.4306917190551758	2377.570672234856
0.4347250461578369	2355.5118552525573
0.0012176036834716797	840996.1417662032
0.0010271072387695312	996974.7669452182
4.988578796386719	205.26888354288283
1.3763136863708496	744.0164332741234
0.0025000572204589844	409590.62521457183
0.0015130043029785156	676799.1326820044
0.4343388080596924	2357.606506714152
0.4822845458984375	2123.2278925554465
0.0012326240539550781	830748.0263056093
0.0011012554168701172	929847.8666378004
5.047749757766724	202.86267131694112
1.4808969497680664	691.47282676244
0.0016758441925048828	611035.3245127329
0.42510485649108887	2408.81745847913
0.4714486598968506	2172.0286578480113
0.42055296897888184	2434.889480120209
0.0012409687042236328	825161.8243996158
0.001039266586303711	985310.2307868777
4.971616744995117	205.96921535250112
1.5536086559295654	659.1106428840753
0.0010442733764648438	980586.1406392694
0.4255344867706299	2406.3854560205195
0.9587128162384033	1068.098791062121
0.0013709068298339844	746950.8340869566
0.0010900497436523438	939406.6701662292
0.0009963512420654297	1027750.011007418
5.182116270065308	197.60266783575952
1.4685282707214355	697.2967564982221
0.0012726783752441406	804602.3409516673
0.5529558658599854	1851.8656971066264
1.389474868774414	736.9690686836379
0.0010912418365478516	938380.4448328599
0.0009403228759765625	1088987.6511156186
0.0008623600006103516	1187439.119712469
4.163541078567505	245.94449308335257
1.5005745887756348	682.4052650628405
0.7050609588623047	1452.3566893454708
0.43269777297973633	2366.5478861800266
1.3339016437530518	767.6727926647457
0.0012104511260986328	845965.5891274374
0.0010075569152832031	1016319.7576904874
0.0009593963623046875	1067337.7972166997
3.849456548690796	266.01157515292994
2.073045253753662	493.95930848390486
0.48003339767456055	2133.184909551278
0.4908711910247803	2086.086979075344
1.229743242263794	832.6941468813865
0.0014042854309082031	729196.4848896435
0.0011565685272216797	885377.7151102865
0.0010418891906738281	982830.0448512586
3.6952884197235107	277.1096281779861
1.8883955478668213	542.2592746295849
0.496415376663208	2062.788640599928
0.5455000400543213	1877.1767640897503
2.1152923107147217	484.0938506763671
0.00154876708984375	661171.0738916256
0.0010766983032226562	951055.645704163
0.0010707378387451172	956349.8766421733
3.303356170654297	309.9877661079386
1.1900205612182617	860.4893338579787
1.2066822052001953	848.6078568052743
0.7289149761199951	1404.827769420706
1.7229642868041992	594.3245648459393
0.0011663436889648438	877957.3376941946
0.0009508132934570312	1076972.74222668
0.001043081283569336	981706.8105142857
3.0862295627593994	331.7964458497511
1.1565988063812256	885.3545363788662
1.287097454071045	795.5885521808184
1.5002965927124023	682.5317107124127
1.3563196659088135	754.9842605237609
0.0011148452758789062	918513.1086398631
0.0010213851928710938	1002560.0597572363
0.0010097026824951172	1014159.9282172373
2.087571620941162	490.5220926208698
1.7198498249053955	595.4008223109407
1.916100263595581	534.418798147052
0.6676895618438721	1533.646860035001
1.6710960865020752	612.7714667463728
0.0013751983642578125	744619.8502080444
0.0010864734649658203	942498.8580206276
0.0010066032409667969	1017282.6376125059
2.0703892707824707	494.5929803881738
2.091885566711426	489.51052404352674
1.449481725692749	706.4594067307754
0.8245594501495361	1241.875282387819
1.2826642990112305	798.3382719776114
0.0019826889038085938	516470.33381433383
0.0010654926300048828	961057.7972700828
0.0009510517120361328	1076702.7565805966
2.197636842727661	465.95505685508647
2.1633708477020264	473.33539743669576
1.4810233116149902	691.41382986293
0.5997822284698486	1707.2863305943667
2.2395517826080322	457.2343483871215
0.0011854171752929688	863830.91230893
0.001088857650756836	940435.1425443399
0.0009548664093017578	1072401.3223470661
1.341550588607788	763.2958523484899
1.8666276931762695	548.5828822444785
1.5416531562805176	664.2220371218662
1.432863712310791	714.6527553193366
1.9602265357971191	522.3886021844888
0.0008628368377685547	1186782.894722299
0.001050710678100586	974578.4651690492
0.0010137557983398438	1010105.1966133585
1.1837267875671387	865.0644817328008
1.6806457042694092	609.2896304073448
1.7713041305541992	578.1051273671533
2.051401376724243	499.17096264952437
1.699775218963623	602.4325973079824
0.0007867813110351562	1301505.2412121212
0.0005328655242919922	1921685.5910514542
0.0006146430969238281	1666007.4848719938
1.0020036697387695	1021.9523450118352
0.918402910232544	1114.9790452435723
2.2313055992126465	458.92413856772265
2.7338407039642334	374.56461838289937
1.441115379333496	710.560732807939
0.0011966228485107422	855741.6409643355
0.0012364387512207031	828184.9780177401
0.0011196136474609375	914601.2129471891
0.9010848999023438	1136.4079013098292
0.8419003486633301	1216.2959685499434
3.0082128047943115	340.4014497804176
2.0508391857147217	499.30779903795036
3.2803244590759277	312.164242523882
0.0014338493347167969	714161.5058197539
0.001233816146850586	829945.3712077294
0.0012357234954833984	828664.3442021995
0.0009160041809082031	1117898.8276939094
0.49474596977233887	2069.749048125044
2.5600991249084473	399.98451233274795
2.083820343017578	491.40512685328076
2.7888646125793457	367.17451086767886
0.0015151500701904297	675840.6445318647
0.0011529922485351562	888123.9239040529
0.0010807514190673828	947488.9247738804
0.0011630058288574219	880477.1004510045
0.0011980533599853516	854719.8599004975
3.426445484161377	298.85197494996015
1.8248071670532227	561.1551831274312
3.931173086166382	260.48204379588606
0.0009214878082275391	1111246.3896507116
0.0006804466247558594	1504893.9369306236
0.0005424022674560547	1887897.7125274725
0.0013873577117919922	738093.7095720915
0.0006167888641357422	1660211.5562427521
2.5576820373535156	400.3625098996094
2.600480079650879	393.7734451468956
2.744246006011963	373.1443892991626
0.0010335445404052734	990765.2355247982
0.0010983943939208984	932269.8710657695
0.0010068416595458984	1017041.7466256216
0.0008018016815185547	1277123.7870948557
0.0009202957153320312	1112685.8279792746
2.842353343963623	360.2648496094599
3.2555017471313477	314.54444799555665
2.5364885330200195	403.70771902555964
0.0011398792266845703	898340.7856097051
0.0009074211120605469	1128472.7524960588
0.0009572505950927734	1069730.3352428393
0.0009617805480957031	1064691.9424888447
0.0009710788726806641	1054497.2492020624
3.054788112640381	335.2114654901266
3.3888919353485107	302.1636627946039
1.6388912200927734	624.8126705700663
0.0015423297882080078	663930.6378110991
0.00116729736328125	877240.0522875817
0.0012102127075195312	846132.2490149725
0.0010938644409179688	936130.6224934612
0.001043081283569336	981706.8105142857
3.544513702392578	288.8971763062422
3.122799873352051	327.910862536582
2.1759791374206543	470.59274714086706
0.0011777877807617188	869426.5781376518
0.0010879039764404297	941259.543282928
0.0010366439819335938	987802.9659613615
0.0010287761688232422	995357.4266512167
0.0009684562683105469	1057352.854751354
3.491227149963379	293.30660997258263
2.667189836502075	383.9246783209626
3.2112433910369873	318.8795974973812
0.001470804214477539	696217.7493921219
0.001142740249633789	896091.6536615898
0.0010526180267333984	972812.5245753115
0.0010263919830322266	997669.5228803717
0.0009496212005615234	1078324.7039919659
1.741847038269043	587.8817011496014
3.451618194580078	296.67244239468357
3.7119619846343994	275.86489415539
0.0015594959259033203	656622.4271518117
0.0011131763458251953	919890.1897622617
0.0013344287872314453	767369.5365374307
0.0011131763458251953	919890.1897622617
0.0008325576782226562	1229944.8155784651
1.2763147354125977	802.3099409480443
3.504595994949341	292.18774474311465
3.6330575942993164	281.85625287272444
0.0014636516571044922	699620.0188955856
0.001318216323852539	776807.2519442937
0.0014104843139648438	725991.7674104124
0.0014085769653320312	726974.8300609343
0.0012233257293701172	837062.423699084
1.765897274017334	579.8751802082166
3.7710163593292236	271.5448310020447
3.0219473838806152	338.8543445402536
0.0015764236450195312	649571.5813672112
0.0011048316955566406	926838.0008631852
0.0011849403381347656	864178.5303822937
0.0010809898376464844	947279.9505955006
0.0010232925415039062	1000691.3550792171
1.7893671989440918	572.2693478478112
3.4094576835632324	300.3410204903365
2.6182162761688232	391.1059637511673
0.0016083717346191406	636668.7364364067
0.0011775493621826172	869602.6110548694
0.0010960102081298828	934297.867304764
0.0012140274047851562	843473.5459544384
0.001062631607055664	963645.3435045995
2.0700743198394775	494.6682301142721
3.594236373901367	284.9005723261596
2.8852922916412354	354.90338464721714
0.0015773773193359375	649178.853688029
0.0011093616485595703	923053.3625617881
0.0011513233184814453	889411.3265686478
0.0010101795196533203	1013681.2121784281
0.0011386871337890625	899281.2596314908
1.8121716976165771	565.0678693121605
3.8811280727386475	263.8408165895523
2.94710636138916	347.45946512677716
0.00246429443359375	415534.76160990715
0.0013740062713623047	745265.8851292729
0.00127410888671875	803698.9700598803
0.0010826587677001953	945819.7084342656
0.0011909008026123047	859853.3125125126
1.6569936275482178	617.9866856308728
3.650444269180298	280.51380174335264
4.221450567245483	242.5706480955348
0.0014314651489257812	715350.982011992
0.0013172626495361328	777369.6463348416
0.0011782646179199219	869074.7260218535
0.0014302730560302734	715947.2072012002
0.0012640953063964844	810065.5028291211
0.8147623538970947	1256.8081908817944
2.9179389476776123	350.9326337396475
3.7904374599456787	270.15351415788166
0.0015227794647216797	672454.5633317677
0.0011012554168701172	929847.8666378004
0.0010428428649902344	981931.2519433013
0.0010352134704589844	989167.9631506219
0.0010221004486083984	1001858.4781898764
1.4109983444213867	725.7272866751063
3.178187131881714	322.19625764884364
3.588549852371216	285.35203414364406
0.001631021499633789	627827.4076889344
0.0012559890747070312	815293.7160212605
0.0013818740844726562	741022.6528640442
0.0011286735534667969	907259.6738487537
0.0011475086212158203	892368.0232703096
1.7413175106048584	588.0604736147784
3.0344021320343018	337.46351190225977
3.3448829650878906	306.1392612799812
0.0015454292297363281	662599.0891700092
0.0010287761688232422	995357.4266512167
0.0010843276977539062	944363.9613016711
0.0011534690856933594	887756.778834229
0.0010159015655517578	1007971.6723773762
1.2204527854919434	839.0328672872366
3.630714178085327	282.0381747978881
3.1352853775024414	326.6050380446437
0.00136566162109375	749819.7094972067
0.0013661384582519531	749557.992321117
0.0012214183807373047	838369.5678313489
0.001033782958984375	990536.73800738
0.0010378360748291016	986668.342752125
0.8367941379547119	1223.7179415511391
4.078974962234497	251.04346299763608
3.8193109035491943	268.11119226989905
0.0015079975128173828	679046.2128063241
0.0013916492462158203	735817.5939695049
0.001184225082397461	864700.4823837327
0.0010752677917480469	952320.9082039911
0.0012085437774658203	847300.70941014
1.8262112140655518	560.7237498669984
2.71795916557312	376.7532687651969
3.566772937774658	287.0942495820558
0.0013420581817626953	763007.1586427429
0.0013580322265625	754032.1797752809
0.0011191368103027344	914990.9024286323
0.0014698505401611328	696669.4721816707
0.0009467601776123047	1081583.302946361
2.1404266357421875	478.4092960256639
2.5118589401245117	407.66620435669876
2.89080548286438	354.2265316950211
1.017699956893921	1006.1904720182039
0.0008611679077148438	1189082.861572536
0.001222848892211914	837388.8274517449
0.0012214183807373047	838369.5678313489
0.0014240741729736328	719063.6691779675
1.6038827896118164	638.4506440447784
3.0041580200195312	340.86089785428214
2.82761287689209	362.14292570541255
0.5496120452880859	1863.1323836129861
0.0015416145324707031	664238.6786266626
0.0013051033020019531	784612.2206795762
0.0014362335205078125	712975.97875166
0.0009639263153076172	1062321.8639624042
2.0977089405059814	488.15161161157295
