1.9391252994537354	264.0365736779536
0.343325138092041	1491.2977326546343
1.6223015785217285	315.60099970225264
0.63873291015625	801.5870043000477
0.36132121086120605	1417.0217097957031
0.5219743251800537	980.8911574786498
0.728926420211792	702.4028568634358
0.27771854400634766	1843.593130706812
0.5969595909118652	857.6794942148629
0.39622926712036133	1292.1811751085802
0.5332698822021484	960.114225625655
0.48452305793762207	1056.7092558594297
0.4931514263153076	1038.2206614011518
0.5150294303894043	994.117947032437
0.4983680248260498	1027.353229932254
0.4133589267730713	1238.6329817453814
0.604933500289917	846.3740225241647
0.5310971736907959	964.0420347973566
0.38653135299682617	1324.60147418935
0.42830848693847656	1195.4000810484642
0.4752500057220459	1077.3277092803396
0.4947233200073242	1034.9219034033406
0.5054526329040527	1012.9534731243355
0.6254658699035645	818.5898298158797
0.3930797576904297	1302.5346382838316
0.5659177303314209	904.7251438829371
0.41882896423339844	1222.4560470337497
0.6953756809234619	736.2926458976273
0.2986466884613037	1714.4003927783078
0.4870486259460449	1051.229739136394
0.4716520309448242	1085.5460517669135
0.5160675048828125	992.118269714083
0.4718034267425537	1085.1977136642972
0.47257018089294434	1083.4369596332783
0.48101043701171875	1064.4259679286881
0.5274300575256348	970.744827099876
0.49500370025634766	1034.3357024095992
0.48041844367980957	1065.7376017421159
0.7229397296905518	708.2194807845977
0.27388620376586914	1869.389523678534
0.66306471824646	772.171985494922
0.3107330799102783	1647.7164264192145
0.4600682258605957	1112.87841937413
0.5649619102478027	906.2557859439185
0.4596538543701172	1113.881663630592
0.5307037830352783	964.7566427201538
0.5086076259613037	1006.6699236612594
0.5236518383026123	977.748883035757
0.47092771530151367	1087.2156880216523
0.5146238803863525	994.9013629441706
0.44026923179626465	1162.9247810733432
0.4793703556060791	1068.0677142679515
0.5155503749847412	993.113427596971
0.47136545181274414	1086.2060382893706
0.5200338363647461	984.5513199277456
0.6314795017242432	810.7943307771566
0.3836038112640381	1334.7104094531157
0.46934056282043457	1090.8922870915092
0.48703908920288086	1051.2503233323052
0.5658094882965088	904.8982220879437
0.4136373996734619	1237.7990974805193
0.49622678756713867	1031.7862977736308
0.5715272426605225	895.8453102193055
0.4210047721862793	1216.1382336384981
0.486100435256958	1053.2802747427106
0.48784804344177246	1049.5071301051764
0.6562538146972656	780.185941069446
0.46800875663757324	1093.9966245043865
0.40720129013061523	1257.363403332463
0.49890804290771484	1026.2412227631833
0.4875016212463379	1050.25291750011
0.43203258514404297	1185.095795099102
0.5176205635070801	989.1415374439559
0.4951176643371582	1034.0976234112818
0.4858283996582031	1053.8700503309594
0.49776196479797363	1028.6041043891435
0.48117923736572266	1064.0525613761092
0.48645710945129395	1052.5080013272238
0.6895673274993896	742.4945753400028
0.34742045402526855	1473.7186428371924
0.5051889419555664	1013.4821993887441
0.7149817943572998	716.1021497900363
0.35336756706237793	1448.916221305674
0.4798707962036133	1066.953863520284
0.4042680263519287	1266.4865055498776
0.5041677951812744	1015.5349169335767
0.47483110427856445	1078.2781401355503
0.48535585403442383	1054.8961050826977
0.469771146774292	1089.8923944471146
0.5103693008422852	1003.1951356694527
0.5030977725982666	1017.6948257110294
0.5026512145996094	1018.598951178975
0.4789299964904785	1069.049764583244
0.48600101470947266	1053.4957428145892
0.4760863780975342	1075.435096559533
0.605888843536377	845.0394910915043
0.4218883514404297	1213.5912220659973
0.5925736427307129	864.0276297821628
0.3949110507965088	1296.49448646051
0.6164984703063965	830.4967889791174
0.41589879989624023	1231.0687122149316
0.49785590171813965	1028.4100243324383
0.6007442474365234	852.2761594219004
0.42760682106018066	1197.3616293832272
0.5570003986358643	919.2093959967109
0.3865213394165039	1324.6357905437246
0.493863582611084	1036.7235366759132
0.4728274345397949	1082.8474885310577
0.5241897106170654	976.7456125708459
0.444901704788208	1150.8159993312088
0.4876563549041748	1049.9196716109825
0.5181972980499268	988.0406592754375
0.46561145782470703	1099.6292969078036
0.49356508255004883	1037.3505300551358
0.46296119689941406	1105.9242187660934
0.5145094394683838	995.1226561149653
0.48688626289367676	1051.5802950715154
0.4977741241455078	1028.5789782241347
0.582822322845459	878.4838533642813
0.36751627922058105	1393.1355669083184
0.5063824653625488	1011.0934620009587
0.47258782386779785	1083.396512016838
0.4904627799987793	1043.9120375276475
0.4584076404571533	1116.909830493665
0.5659160614013672	904.7278119870713
0.4334449768066406	1181.2341298129813
0.576746940612793	887.7376955931497
0.3959662914276123	1293.0393598759154
0.658832311630249	777.1324978477156
0.3404676914215088	1503.8137623641044
0.4991340637207031	1025.7765141961863
0.4994313716888428	1025.1658766822277
0.4573514461517334	1119.4891900049577
0.47112274169921875	1086.7656232287736
0.4949913024902344	1034.3616088286747
0.5082721710205078	1007.3343165178755
0.5585544109344482	916.6519679675184
0.4593167304992676	1114.6992173428275
0.485734224319458	1054.074377232409
0.5779709815979004	885.8576231361785
0.4348931312561035	1177.300727930994
0.43988823890686035	1163.9320052573814
0.6830253601074219	749.6061345650122
0.3366119861602783	1521.03912234489
0.48636889457702637	1052.6988993514149
0.6341853141784668	807.3349990187844
0.5304341316223145	965.2470862575636
0.3144350051879883	1628.3174314319597
0.5805089473724365	881.9846831258515
0.3956747055053711	1293.9922438207257
0.5401999950408936	947.797120881575
0.45471787452697754	1125.972891504673
0.47967028617858887	1067.3998676861427
0.49846887588500977	1027.145374103782
0.5248184204101562	975.575513526872
0.5638010501861572	908.1217564794293
0.39139676094055176	1308.1355062050868
0.46649670600891113	1097.5425836988004
0.6602883338928223	775.4188188990594
0.3260817527770996	1570.158390156805
0.4949524402618408	1034.4428238986773
0.5263590812683105	972.7199894913734
0.4560661315917969	1122.644205595751
0.5552878379821777	922.0443254448388
0.43578076362609863	1174.902709655394
0.6322746276855469	809.7747048212034
0.33797526359558105	1514.903767077628
0.4766240119934082	1074.222001234552
0.49825406074523926	1027.5882131983046
0.5146019458770752	994.9437698440092
0.49339842796325684	1037.7009146817315
0.4528789520263672	1130.5449231170953
0.5340604782104492	958.6929212879216
0.4878077507019043	1049.593819006126
0.4364502429962158	1173.1005039317602
0.5015523433685303	1020.8306406491914
0.5400145053863525	948.1226798411468
0.5145115852355957	995.1185059624155
0.4374263286590576	1170.482813802155
0.46412205696105957	1103.1580859406504
0.47767138481140137	1071.8665933948557
0.5497696399688721	931.2991529124624
0.47320103645324707	1081.992558252958
0.47437381744384766	1079.3175786111049
0.4996757507324219	1024.6644934230114
0.523169755935669	978.64984393891
0.6279692649841309	815.3265271875026
0.3540775775909424	1446.010796513926
0.49702930450439453	1030.1203477540087
0.5133638381958008	997.3433302185952
0.49457526206970215	1035.2317215733328
0.4885842800140381	1047.9256516097676
0.6406536102294922	799.1838207492401
0.35997486114501953	1422.3215431528026
0.6225228309631348	822.4597951015875
0.3548851013183594	1442.7204695209123
0.47246861457824707	1083.6698654725265
0.5158483982086182	992.5396720781097
0.54189133644104	944.8388737170882
0.5750524997711182	890.3534898183831
0.37248826026916504	1374.539964373701
0.5070598125457764	1009.7428100827408
0.5317056179046631	962.9388570647069
0.4720492362976074	1084.6326201388138
0.46144938468933105	1109.5474758183975
0.5237207412719727	977.62024615732
0.4911837577819824	1042.3797446235124
0.4959383010864258	1032.386486138273
0.5035626888275146	1016.7552349681241
0.5115928649902344	1000.7958183892447
0.5340397357940674	958.7301574829514
0.4282395839691162	1195.5924187450275
0.47664475440979004	1074.1752537148739
0.46778202056884766	1094.5268896341527
0.5255775451660156	974.1664283588698
0.4498426914215088	1138.1756550986152
0.5049052238464355	1014.0516988505595
0.5755329132080078	889.6102868315962
0.42221784591674805	1212.6441479239486
0.5412702560424805	945.9230288091366
0.45834827423095703	1117.0544949886914
0.5136513710021973	996.785035346104
0.4845881462097168	1056.5673221779966
1.182823657989502	432.86249521781565
0.0003399848937988281	1505949.2622720897
0.34403347969055176	1488.2272517794759
0.6910407543182373	740.91143944922
0.5760412216186523	888.8252798320593
0.2502143383026123	2046.2456447271254
0.5768582820892334	887.566350171253
0.41359806060791016	1237.916829802001
0.4697539806365967	1089.9322221945895
0.46897220611572266	1091.7491342198218
0.5209424495697021	982.834093138141
0.5382587909698486	951.2153049603986
0.4664011001586914	1097.7675649259697
0.6109147071838379	838.0875332993543
0.34798097610473633	1471.3448008890484
0.4741988182067871	1079.7158920306053
0.5004358291625977	1023.1081992205739
0.4864983558654785	1052.4187673546278
0.534512996673584	957.8812922909483
0.47460007667541504	1078.8030284077752
0.4644613265991211	1102.352274943894
0.46730589866638184	1095.6420654247424
0.5155699253082275	993.0757689054626
0.46616268157958984	1098.329017383139
0.5143003463745117	995.5272315277879
0.47745442390441895	1072.3536621843025
0.5553653240203857	921.9156793829751
0.6551487445831299	781.5019172871724
0.2440948486328125	2097.5452897418268
0.48703479766845703	1051.2595864834645
0.4809279441833496	1064.6085472729453
0.5180609226226807	988.3007531392307
0.5680921077728271	901.2623005928862
0.46117401123046875	1110.2100021506444
0.43776583671569824	1169.5750491660963
0.6146097183227539	833.0489817135143
0.44231534004211426	1157.5452028212515
0.4150066375732422	1233.71520753
0.5789844989776611	884.3069216949009
0.5133702754974365	997.3308242357648
0.40429091453552246	1266.414805754963
0.4959867000579834	1032.2857446382022
0.4752805233001709	1077.258534485829
0.4811124801635742	1064.200204962308
0.5818250179290771	879.9896605037554
0.3919210433959961	1306.3855810433645
0.4841337203979492	1057.55905533526
0.6437337398529053	795.3598954079885
0.4501829147338867	1137.3154849793773
0.41492319107055664	1233.9633238599472
0.4789285659790039	1069.0529577274076
0.5235047340393066	978.023629412981
0.4856603145599365	1054.2347905530025
0.5007731914520264	1022.4189488167701
0.5073604583740234	1009.1444682954703
0.44996166229248047	1137.8747189070384
0.48256635665893555	1060.9939813145063
0.507178783416748	1009.5059508419744
0.4855785369873047	1054.4123370374298
0.4983847141265869	1027.318827178064
0.48668932914733887	1052.0058060385347
0.4763000011444092	1074.952758282205
0.47693514823913574	1073.5212153902373
0.48723530769348145	1050.8269657709166
0.501833438873291	1020.2588355800577
0.4844217300415039	1056.9302907946208
0.4909200668334961	1042.9396445382085
0.46900391578674316	1091.6753203246328
0.5062575340270996	1011.3429738560552
0.6405966281890869	799.2549093606395
0.27653956413269043	1851.4529796334311
0.6159234046936035	831.2721940720842
0.397808313369751	1287.0520368540192
0.49798059463500977	1028.1525134031892
0.48528122901916504	1055.0583236751977
0.6155357360839844	831.7957349760472
0.45569825172424316	1123.5505031294847
