0.0019643306732177734	260648.57968200024
0.001680135726928711	304737.28508585214
0.0015990734100341797	320185.42537647235
0.0016181468963623047	316411.322823044
0.0016193389892578125	316178.3934040047
0.0016169548034667969	316644.5956944854
0.0015926361083984375	321479.5880239521
0.001613616943359375	317299.59338061465
0.0015990734100341797	320185.42537647235
0.0015804767608642578	323952.880977523
0.001615762710571289	316878.2127785156
0.0016162395477294922	316784.7245906476
0.0015854835510253906	322929.87187969923
0.0016062259674072266	318759.6330710999
0.0015747547149658203	325129.9996971991
0.0016028881072998047	319423.41930685705
0.0016183853149414062	316364.7094873306
0.0015943050384521484	321143.0608643637
0.0015912055969238281	321768.6017380881
0.0016126632690429688	317487.233589592
0.001613616943359375	317299.59338061465
0.0015933513641357422	321335.27577435283
0.0016047954559326172	319043.77477343637
0.0016071796417236328	318570.4862780003
0.0016074180603027344	318523.2346484723
0.001607656478881836	318475.9970339611
0.001607656478881836	318475.9970339611
0.0015840530395507812	323221.5003010235
0.0015897750854492188	322058.1355728854
0.0015933513641357422	321335.27577435283
0.0016028881072998047	319423.41930685705
0.0015971660614013672	320567.7934020003
0.001596212387084961	320759.32008961914
0.0015971660614013672	320567.7934020003
0.0016102790832519531	317957.3064850459
0.00160980224609375	318051.4881516588
0.001611471176147461	317722.0961680722
0.001600027084350586	319994.5832215765
0.001619100570678711	316224.95184803416
0.0015914440155029297	321720.39670411986
0.0015790462493896484	324246.36086365697
0.0017619132995605469	290593.1864682003
0.00405573844909668	126240.88225266004
0.0039365291595458984	130063.81491127127
0.0038805007934570312	131941.73310395674
0.0036878585815429688	138833.95707266615
0.0035905838012695312	142595.195750332
0.003490924835205078	146666.00519054773
0.0033638477325439453	152206.65164079666
0.0033638477325439453	152206.65164079666
0.003284454345703125	155885.86295005807
0.0031156539916992188	164331.4698500153
0.003145933151245117	162749.80280409247
0.003143787384033203	162860.886394661
0.002944469451904297	173885.31562753036
0.0029218196868896484	175233.2638106895
0.002962350845336914	172835.70607645877
0.0028946399688720703	176878.64656947533
0.002775430679321289	184475.87389399536
0.0027709007263183594	184777.46067802445
0.0027816295623779297	184064.76797805776
0.0027582645416259766	185623.9647333391
0.0040361881256103516	126852.36269123989
0.0039052963256835938	131104.0078144078
0.0038704872131347656	132283.0878403351
0.0036191940307617188	141467.9610013175
0.0036094188690185547	141851.0897681485
0.0035419464111328125	144553.28809908454
0.0033724308013916016	151819.27522092612
0.0034198760986328125	149713.02621305076
0.003317117691040039	154350.86954646732
0.0031282901763916016	163667.68142672052
0.0031185150146484375	164180.70703363913
0.0031430721282958984	162897.94796328605
0.002937793731689453	174280.44538224314
0.002961874008178711	172863.5311921436
0.002928495407104492	174833.8067247415
0.0029010772705078125	176486.164365549
0.0027768611907958984	184380.84038808275
0.002773761749267578	184586.870208011
0.0027701854705810547	184825.169808073
0.002691507339477539	190227.9783860395
0.002589702606201172	197706.0990609464
0.0025787353515625	198546.9349112426
0.0026144981384277344	195831.08225424038
0.002558469772338867	200119.62053862642
0.002465963363647461	207626.76670211737
0.0024955272674560547	205167.06295977836
0.0024576187133789062	208331.74699262707
0.0024271011352539062	210951.2424361493
0.0023508071899414062	217797.53022312373
0.0023610591888427734	216851.827527012
0.0023429393768310547	218528.91503001933
0.0023992061614990234	213403.9201033489
0.002255678176879883	226982.73417186344
0.002292156219482422	223370.4647389224
0.002234220504760742	229162.6985380429
0.0022585391998291016	226695.2019423625
0.0022420883178710938	228358.5333900468
0.0022521018981933594	227343.17679441033
0.002251863479614258	227367.24700899946
0.002255678176879883	226982.73417186344
0.0022492408752441406	227632.35615857536
0.002257823944091797	226767.0166842661
0.0022516250610351562	227391.3223210504
0.0022437572479248047	228188.67793008182
0.002246379852294922	227922.27212905965
0.002237081527709961	228869.62037727804
0.002245664596557617	227994.8665463425
0.0022575855255126953	226790.96504382722
0.002257823944091797	226767.0166842661
0.002256155014038086	226934.76149212723
0.0022497177124023438	227584.10852055956
0.002253293991088867	227222.9021267591
0.0022394657135009766	228625.96060896412
0.002225637435913086	230046.45399035886
0.002241373062133789	228431.4060206361
0.002278566360473633	224702.69415088417
0.0022542476654052734	227126.7739820201
0.0022499561309814453	227559.99237045672
0.0022475719451904297	227801.3841094728
0.0022547245025634766	227078.7404039336
0.0022602081298828125	226527.81097046414
0.002245664596557617	227994.8665463425
0.0022461414337158203	227946.4651310901
0.002258777618408203	226671.27380198438
0.0022487640380859375	227680.62425784563
0.002269744873046875	225576.01344537816
0.002262115478515625	226336.80944350758
0.002260923385620117	226456.14763260572
0.00226593017578125	225955.77104377103
0.0022644996643066406	226098.5100021057
0.0022668838500976562	225860.7118216239
0.0022487640380859375	227680.62425784563
0.0022666454315185547	225884.46912801094
0.002224445343017578	230169.73719185422
0.0022420883178710938	228358.5333900468
0.002277851104736328	224773.25183169355
0.002254486083984375	227102.75465313028
0.002270221710205078	225528.63348036126
0.002231597900390625	229432.01367521368
0.002221822738647461	230441.42590406697
0.002328157424926758	219916.4002048131
0.0043299198150634766	118246.99344749739
0.0042574405670166016	120260.04636837095
0.004094839096069336	125035.43802037845
0.003902435302734375	131200.12512218964
0.0038754940032958984	132112.1899723162
0.003767251968383789	135908.0848047592
0.0035915374755859375	142557.33191715347
0.0036122798919677734	141738.7398851561
0.003427267074584961	149390.1668173913
0.0033538341522216797	152661.09675126182
0.0033788681030273438	151530.0344340954
0.003284931182861328	155863.2347220206
0.0031371116638183594	163207.45158838728
0.0031790733337402344	161053.22093895305
0.0031054019927978516	164873.98449136276
0.003002166748046875	170543.4917407878
0.0030012130737304688	170597.68414362887
0.0030167102813720703	169721.30309017625
0.002847433090209961	179811.07326467388
0.0028641223907470703	178763.3104137185
0.002809286117553711	182252.70712042775
0.002738475799560547	186965.31847466482
0.0026688575744628906	191842.38413435768
0.0026683807373046875	191876.66619013582
0.002660989761352539	192409.6091748051
0.002611875534057617	196027.71775445002
0.002536296844482422	201869.11524722693
0.002547740936279297	200962.34774471272
0.0025281906127929688	202516.37570728027
0.002501249313354492	204697.70736822038
0.0024230480194091797	211304.10784217258
0.002443552017211914	209531.0418577422
0.002435922622680664	210187.30038171675
0.0024466514587402344	209265.605924771
0.0024514198303222656	208858.55358879594
0.0024313926696777344	210578.90252990782
0.0024161338806152344	211908.78705348333
0.002419710159301758	211595.59050152724
0.002421140670776367	211470.5709502708
0.0024132728576660156	212160.0126457222
0.0023872852325439453	214469.5543793069
0.0024116039276123047	212306.83618388532
0.0024232864379882812	211283.3183785911
0.00241851806640625	211699.88643533122
0.002409219741821289	212516.93696190004
0.0023903846740722656	214191.46698583683
0.0023889541625976562	214319.72534930138
0.0024254322052001953	211096.39712965692
0.002434253692626953	210331.4052889324
0.0024373531341552734	210063.938961166
0.0024166107177734375	211866.97395422257
0.0024356842041015625	210207.874706343
0.0024318695068359375	210537.6125490196
0.002406597137451172	212748.5286308698
0.0024373531341552734	210063.938961166
0.0024139881134033203	212097.15041975307
0.002421855926513672	211408.11655837763
