5.996570348739624	170.76427698629888
0.0006110668182373047	1675757.8213031604
0.0005171298980712891	1980160.1180267404
0.03808164596557617	26889.59402977599
0.0005333423614501953	1919967.4993294592
0.0005095005035400391	2009811.5563874592
0.0005075931549072266	2017363.689995303
0.0005164146423339844	1982902.7220683286
0.03470158576965332	29508.73792331105
0.0005097389221191406	2008871.5135640786
0.00048422813415527344	2114705.709502708
0.00047969818115234375	2134675.5944333994
0.0004558563232421875	2246321.8075313806
0.00048470497131347656	2112625.330054107
0.03512001037597656	29157.166784337154
0.00044989585876464844	2276082.297827239
0.0004284381866455078	2390076.402893712
0.0004146099090576172	2469791.429557217
0.0004220008850097656	2426535.195480226
0.0004024505615234375	2544411.9052132703
0.000408172607421875	2508742.579439252
0.0004210472106933594	2432031.3114382788
0.0004088878631591797	2504354.1084548105
0.0004177093505859375	2451465.3515981734
0.0004208087921142578	2433409.2328611896
0.000423431396484375	2418337.4414414414
0.00042247772216796875	2423796.442437923
0.00041604042053222656	2461299.310028653
0.00044846534729003906	2283342.528442318
0.0004248619079589844	2410194.891133558
0.03156924247741699	32436.635143605894
0.0004382133483886719	2336761.3144722525
0.30464720726013184	3361.265016047326
0.0004787445068359375	2138927.93625498
0.00048542022705078125	2109512.424361493
0.00913548469543457	112090.38536419866
0.0005505084991455078	1860098.4391511476
0.00052642822265625	1945184.463768116
0.0005371570587158203	1906332.5770084332
0.0005376338958740234	1904641.8164079823
0.010174036026000977	100648.35600965482
0.0023355484008789062	438440.92445896287
0.0005066394805908203	2021161.0804705883
0.0004942417144775391	2071860.7313072842
0.0005002021789550781	2047172.2097235462
0.0004913806915283203	2083923.9670063076
0.004674673080444336	219052.75136430867
0.0005106925964355469	2005120.1195144725
0.032601118087768555	31409.96567182735
0.0004563331604003906	2243974.5538140023
0.00040912628173828125	2502894.6946386946
0.00043082237243652344	2376849.638074156
0.0004181861877441406	2448670.0661345497
0.0004029273986816406	2541400.7668639054
0.0004286766052246094	2388747.10567297
0.0003962516784667969	2584216.182912154
0.0004286766052246094	2388747.10567297
0.00039267539978027344	2607751.849423194
0.0004184246063232422	2447274.8125356124
0.00039696693420410156	2579559.9375375374
0.00040602684020996094	2522000.7610099823
0.0004048347473144531	2529427.1472320375
0.0003991127014160156	2565691.3357228194
0.0004067420959472656	2517565.8241500584
0.024240732192993164	42242.94843272059
0.0018835067749023438	543666.746329114
0.0019240379333496094	532214.039157373
0.006392002105712891	160200.197538232
0.00037384033203125	2739137.3061224488
0.00038170814514160156	2682677.886321049
0.0003643035888671875	2810842.4712041887
0.002422332763671875	422733.00157480314
0.005542278289794922	184761.56310763143
0.0033812522888183594	302846.37540544354
0.0017762184143066406	576505.6773154362
0.00046253204345703125	2213900.668041237
0.0004336833953857422	2361169.486531061
0.00045490264892578125	2251031.0775681343
0.0004506111145019531	2272469.468783069
0.0022432804107666016	456474.364544585
0.024283885955810547	42167.880456339466
0.0003478527069091797	2943774.7059629885
0.0003490447998046875	2933720.830601093
0.0003390312194824219	3020370.812939522
0.00035643577575683594	2872887.823411371
0.0003294944763183594	3107791.096960926
0.0003314018249511719	3089904.529496403
0.0037581920623779297	272471.439193047
0.0003440380096435547	2976415.3125433126
0.00032782554626464844	3123612.5789090907
0.0003383159637451172	3026756.37491191
0.00033402442932128906	3065644.0371163455
0.00032711029052734375	3130442.635568513
0.0003311634063720703	3092129.0827933764
0.0003254413604736328	3146496.1875457875
0.0003261566162109375	3139595.976608187
0.008243799209594727	124214.57315556584
0.001665353775024414	614884.3659269864
0.0020036697387695312	511062.2674916706
0.005320549011230469	192461.34145904283
0.0003628730773925781	2821923.3219448095
0.0017559528350830078	583159.1712152071
0.0003387928009033203	3022496.3377902885
0.00032901763916015625	3112295.1420289855
0.0018153190612792969	564088.1660099817
0.006256103515625	163680.15609756098
0.0026879310607910156	380962.1514990243
0.0003402233123779297	3009787.873861247
0.00037932395935058594	2699539.4695160277
0.00035190582275390625	2909869.4417344173
0.0003387928009033203	3022496.3377902885
0.0003323554992675781	3081038.2324246773
0.008332967758178711	122885.3908614918
0.0003542900085449219	2890287.5477792732
0.00036072731018066406	2838709.3826834103
0.0033898353576660156	302079.5678717119
0.0003383159637451172	3026756.37491191
0.0046062469482421875	222306.79585921325
0.00034236907958984375	2990924.3008356546
0.00033736228942871094	3035312.576678445
0.00033164024353027344	3087683.1746944645
0.005640745162963867	181536.2989137326
0.0026748180389404297	382829.7794812372
0.0003452301025390625	2966137.635359116
0.00033593177795410156	3048237.9673527326
0.00034689903259277344	2951867.5573883164
0.0003371238708496094	3037459.1909476663
0.00032591819763183594	3141892.6817849306
0.004877567291259766	209940.7222602405
0.00029468536376953125	3474892.6343042073
0.0003120899200439453	3281105.6501145912
0.006572723388671875	155795.38943702844
0.0003724098205566406	2749658.960307298
0.001760721206665039	581579.8640487475
0.00035500526428222656	2884464.268636669
0.0003528594970703125	2902004.92972973
0.00033855438232421875	3024624.8563380283
0.002113819122314453	484431.2312203925
0.006058216094970703	169026.65470287288
0.0003516674041748047	2911842.2345762714
0.001734018325805664	590535.8581053211
0.00035262107849121094	2903967.0696416497
0.0003554821014404297	2880595.1012743125
0.0003528594970703125	2902004.92972973
0.004408359527587891	232285.9543537047
0.0003464221954345703	2955930.692360633
0.00039505958557128906	2592014.0591430296
0.003046274185180664	336148.33654222434
0.000339508056640625	3016128.7191011235
0.005341291427612305	191713.935455073
0.0003540515899658203	2892233.8693602695
0.0003323554992675781	3081038.2324246773
0.0003383159637451172	3026756.37491191
0.002035856246948242	502982.46820470784
0.00699162483215332	146460.94786018756
0.00034332275390625	2982616.177777778
0.0003287792205810547	3114552.0638143583
0.0003330707550048828	3074421.829634932
0.0003285408020019531	3116812.2612481858
0.0003261566162109375	3139595.976608187
0.0045223236083984375	226432.2699283003
0.00034117698669433594	3001374.7700908454
0.00035881996154785156	2853798.8677740865
0.002943754196166992	347855.13047703897
0.0003542900085449219	2890287.5477792732
0.0052373409271240234	195519.06477898665
0.0003235340118408203	3165045.907148121
0.0003514289855957031	2913817.7042062413
0.0003437995910644531	2978479.4008321776
0.002071857452392578	494242.4966628308
0.0015976428985595703	640944.2316072228
0.001584768295288086	646151.2405596509
0.0015518665313720703	659850.5601474881
0.0015437602996826172	663315.4125096526
0.0027747154235839844	369046.85478604573
0.0003695487976074219	2770946.642580645
0.004083871841430664	250742.44240761283
0.00036454200744628906	2809004.117724003
0.00034737586975097656	2947815.577213452
0.0017743110656738281	577125.4092985756
0.0017778873443603516	575964.5026149927
0.005035877227783203	203340.93816873402
0.00036716461181640625	2788939.8025974026
0.0003619194030761719	2829359.2200263506
0.00034618377685546875	2957966.4573002756
0.0020873546600341797	490573.07778412336
0.003790140151977539	270174.70566773607
0.0003590583801269531	2851903.91500664
0.00035309791564941406	2900045.4395678598
0.0017998218536376953	568945.1975096039
0.0026047229766845703	393132.0179405034
0.0002951622009277344	3469278.9143780293
0.004305362701416016	237842.91150736515
0.00031375885009765625	3263652.960486322
0.00030350685119628906	3373894.1838177536
0.0017385482788085938	588997.1607240812
0.0013997554779052734	731556.3440640436
0.0051631927490234375	198326.8976727004
0.00033593177795410156	3048237.9673527326
0.00031304359436035156	3271109.8979436406
