24.53170108795166	20.87095379828594
0.0007174015045166016	713686.8222000664
0.0005655288696289062	905347.2377740303
0.0004742145538330078	1079680.0643539466
0.0004138946533203125	1237029.7511520737
0.0004107952117919922	1246363.1154962275
0.001216888427734375	420745.2288401254
0.00046539306640625	1100145.31147541
0.00045490264892578125	1125515.5387840671
0.00042057037353515625	1217394.358276644
0.0004336833953857422	1180584.7432655306
0.000408172607421875	1254371.289719626
0.0011522769927978516	444337.6056279743
0.00046133995056152344	1109810.6708010335
0.00043010711669921875	1190401.135254989
0.00041961669921875	1220161.1636363636
5.972139358520508	85.73142206896507
0.7864773273468018	651.0041449347854
0.0014700889587402344	348278.24326954264
0.4302389621734619	1190.0363403014487
0.9183435440063477	557.5255614760014
0.0003921985626220703	1305461.184194529
0.00046133995056152344	1109810.6708010335
0.0005354881286621094	956136.9759572573
0.00038361549377441406	1334669.7625854567
0.0003631114959716797	1410035.2252133945
0.0003840923309326172	1333012.816883923
0.0003414154052734375	1499639.4189944135
0.001375436782836914	372245.3888022188
0.0015730857849121094	325474.9390724462
0.0006778240203857422	755358.3003869152
0.0004849433898925781	1055793.33726647
4.359969615936279	117.43201102332702
0.0005772113800048828	887023.3985956217
0.00030922889709472656	1655731.4171164224
0.00019049644470214844	2687714.202753442
1.6478207111358643	310.71341471795904
0.0006520748138427734	785185.9773308958
0.0003859996795654297	1326425.9715873997
0.9439005851745605	542.4300059156263
0.0006616115570068359	773867.9812612613
0.9703617095947266	527.6382970777338
0.0005481243133544922	934094.6707264028
0.0007936954498291016	645083.7032141784
0.0003399848937988281	1505949.2622720897
0.0003094673156738281	1654455.8151001541
0.00030517578125	1677721.6
0.00033092498779296875	1547178.4207492794
0.5017955303192139	1020.3359118689133
1.070054531097412	478.4802877988937
0.00039315223693847656	1302294.5106124924
0.5691952705383301	899.5155555592788
3.2718310356140137	156.4872985269897
0.0005309581756591797	964294.4086214638
0.0005829334259033203	878316.4204498978
0.4647064208984375	1101.7708750615664
0.0004010200500488281	1276744.142687277
0.0003554821014404297	1440297.5506371562
0.5020406246185303	1019.8377878065888
0.4996967315673828	1024.6214706948872
0.0005929470062255859	863483.5737836751
0.9779067039489746	523.5673279796998
0.0005419254302978516	944779.4315882095
0.00024390220642089844	2099202.001955034
0.583599328994751	877.3142369473236
0.8617959022521973	594.1081857803584
0.0002446174621582031	2093063.984405458
0.4847240447998047	1056.2711000059023
0.518791913986206	986.9082115524518
0.5224647521972656	979.9704149356386
0.47805047035217285	1071.0166222048
0.9872345924377441	518.6204007861355
0.0009067058563232422	564681.4746252958
2.0269041061401367	252.6019846962613
0.9705708026885986	527.5246263144306
0.4617319107055664	1108.8685623170804
0.0004971027374267578	1029968.176498801
0.0005848407745361328	875451.9559722788
0.00035381317138671875	1447091.4070080863
0.00035834312438964844	1428798.1689953427
0.5082423686981201	1007.3933846001568
0.8258919715881348	619.9357998546207
0.0005335807800292969	959554.8025022341
0.4902479648590088	1044.3694552556622
0.4222869873046875	1212.4456007226738
0.4897592067718506	1045.4116899093028
2.467196226119995	207.5230152265555
0.0006544589996337891	782325.5548269581
0.0005648136138916016	906493.730688054
0.00039839744567871094	1285148.801915021
0.00039386749267578125	1299929.569007264
1.0008761882781982	511.5517843228849
0.0004754066467285156	1076972.74222668
0.9473373889923096	540.4621478569726
0.0011098384857177734	461328.38839957037
0.4195706844329834	1220.2949800745196
0.45470166206359863	1126.0130382553718
0.3982200622558594	1285.7212594955504
0.43235278129577637	1184.2181249893158
0.48630428314208984	1052.8387631955163
0.5472064018249512	935.6615680892317
0.47241950035095215	1083.7825272234618
0.5166223049163818	991.0528351710831
0.967456579208374	529.2227175910535
0.00026035308837890625	1966560.1172161172
0.49077892303466797	1043.239585013379
0.5326652526855469	961.2040534250009
0.9200952053070068	556.4641539775894
0.9517738819122314	537.9428977094104
0.46444082260131836	1102.4009412702014
0.0007832050323486328	653724.093759513
0.0005049705505371094	1013920.5136921625
0.5578114986419678	917.8727961802524
0.8572807312011719	597.2372658867713
0.0003719329833984375	1376592.082051282
0.9547665119171143	536.2567639410964
0.0005314350128173828	963429.182593091
0.5247457027435303	975.7107058201871
2.36698317527771	216.30909984813425
0.0005774497985839844	886657.1626754748
0.00042438507080078125	1206451.4876404495
0.0004374980926513672	1170290.816348774
0.0003972053527832031	1289005.7911164465
0.5229687690734863	979.0259577203452
0.4732353687286377	1081.914061866307
1.0024499893188477	510.7486712109176
0.0008568763732910156	597519.100723428
0.9089746475219727	563.272035579654
0.0006334781646728516	808236.2243131351
0.4368135929107666	1172.1246964596926
0.8840293884277344	579.1662660792343
0.0007228851318359375	708272.9709762533
0.4512498378753662	1134.626446428581
0.5239787101745605	977.1389372469544
0.43781232833862305	1169.4508511053095
1.014723539352417	504.5709300552459
0.0022897720336914062	223603.04539775095
0.4645984172821045	1102.0269999953814
0.46291112899780273	1106.0438341771435
0.5454449653625488	938.6831532301
0.5073716640472412	1009.1221806039366
1.434312343597412	356.96548404223313
0.0007350444793701172	696556.4865390853
0.0005664825439453125	903823.0841750841
0.47902464866638184	1068.838527256212
0.41303038597106934	1239.618239699834
0.4767272472381592	1073.989378551756
0.455491304397583	1124.0609756033728
0.4407656192779541	1161.6151024636165
0.43192219734191895	1185.3986739993586
2.3368494510650635	219.09841036898902
0.0005741119384765625	891812.146179402
0.00039505958557128906	1296007.0295715148
0.00034928321838378906	1465859.1453924915
0.0008285045623779297	617980.9058992806
0.5054845809936523	1012.889451530925
0.49367594718933105	1037.1175725999904
0.4736323356628418	1081.0072738878
0.4706885814666748	1087.768049109239
0.9768867492675781	524.1139777808149
0.0008101463317871094	631984.5932901707
0.5072934627532959	1009.277740779784
0.899165153503418	569.4170842865673
0.008469820022583008	60449.92675580577
0.5007262229919434	1022.5148524091538
0.47936272621154785	1068.0847133159223
0.4571049213409424	1120.092950428142
0.4647035598754883	1101.7776582929216
0.5420019626617432	944.6460257922221
0.4669039249420166	1096.5853415423392
0.5139343738555908	996.2361461813131
0.4740562438964844	1080.0406209010953
0.46100759506225586	1110.610769722477
0.48894238471984863	1047.1581437828565
0.46260571479797363	1106.7740488757204
0.41413068771362305	1236.3247042297307
0.4807608127593994	1064.9786472015023
0.4493558406829834	1139.4088017678878
