23.057775735855103
6.506032228469849
0.0005784034729003906
0.0006229877471923828
0.0006177425384521484
0.0005609989166259766
0.0005872249603271484
0.0005624294281005859
0.000576019287109375
0.0005645751953125
0.0005726814270019531
0.0005738735198974609
0.0005574226379394531
0.0005753040313720703
0.0005698204040527344
0.000579833984375
6.203661918640137
0.0003333091735839844
0.0003502368927001953
0.0003216266632080078
0.0003285408020019531
0.48994946479797363
0.00030231475830078125
0.9440193176269531
0.0003421306610107422
0.00030517578125
0.0003008842468261719
0.00030732154846191406
0.0003020763397216797
0.00031256675720214844
0.0003299713134765625
0.0003070831298828125
0.5061056613922119
2.7277474403381348
4.717557191848755
0.00034165382385253906
0.0003063678741455078
0.0003058910369873047
0.0003190040588378906
0.0003025531768798828
0.45486879348754883
0.0003075599670410156
0.0003116130828857422
0.00029730796813964844
0.0002944469451904297
0.0002942085266113281
0.0003039836883544922
0.0002944469451904297
0.7288732528686523
4.24109148979187
2.689941644668579
0.8676602840423584
0.0004153251647949219
0.0003135204315185547
0.00030875205993652344
0.0003139972686767578
0.0003268718719482422
0.9817218780517578
0.0003342628479003906
0.0003299713134765625
0.0003273487091064453
0.0003364086151123047
0.00032210350036621094
0.0003254413604736328
1.1340630054473877
4.657760381698608
1.3690476417541504
1.3251965045928955
0.00031495094299316406
0.9270358085632324
0.0002949237823486328
0.0002994537353515625
0.0003154277801513672
0.00030541419982910156
0.00029778480529785156
0.00030612945556640625
0.00030112266540527344
0.00029587745666503906
0.00030231475830078125
0.0003044605255126953
1.3030781745910645
4.974325180053711
2.2413687705993652
0.0003085136413574219
0.0003070831298828125
0.9049391746520996
0.0003116130828857422
0.0003070831298828125
0.0003066062927246094
0.000316619873046875
0.00029921531677246094
0.00031280517578125
0.0003001689910888672
0.00031304359436035156
0.00029921531677246094
0.000301361083984375
1.7080492973327637
5.471467733383179
1.4076111316680908
0.0003066062927246094
5.59413743019104
2.249701499938965
0.9612240791320801
0.00036907196044921875
0.0003502368927001953
0.4878199100494385
0.00037026405334472656
0.000339508056640625
1.3427932262420654
3.44437313079834
0.0003898143768310547
0.000370025634765625
0.0003991127014160156
0.0004062652587890625
0.00041675567626953125
0.00037169456481933594
0.9890141487121582
3.6928107738494873
0.0003764629364013672
0.0003376007080078125
0.0003540515899658203
0.00035691261291503906
0.00033092498779296875
0.00033283233642578125
1.6439423561096191
3.388718605041504
0.0004317760467529297
0.00042057037353515625
0.0004265308380126953
0.00040650367736816406
0.0004315376281738281
0.0004200935363769531
1.2190155982971191
3.5669310092926025
0.00042629241943359375
0.0004019737243652344
0.00040531158447265625
0.0004074573516845703
0.0004062652587890625
0.0003876686096191406
2.4362525939941406
1.3717710971832275
0.23505854606628418
0.23133039474487305
0.0004107952117919922
0.2692852020263672
0.22554349899291992
0.0004074573516845703
1.705946683883667
1.8750920295715332
0.22848272323608398
0.9518239498138428
0.00041174888610839844
0.0003986358642578125
0.0003979206085205078
0.00039768218994140625
1.495124340057373
1.9323620796203613
0.46779632568359375
0.6722569465637207
0.0004107952117919922
0.0003921985626220703
0.00044274330139160156
0.21895122528076172
1.878307580947876
2.0958688259124756
0.2434091567993164
0.23079824447631836
0.0003991127014160156
0.00045228004455566406
0.0003948211669921875
0.2636430263519287
2.0973398685455322
1.9759626388549805
0.25940942764282227
0.4624156951904297
0.00046944618225097656
0.00041222572326660156
0.0004138946533203125
0.0004131793975830078
2.333688974380493
1.6318340301513672
0.6427559852600098
0.00041365623474121094
0.0004067420959472656
0.0003974437713623047
0.0004057884216308594
0.22614264488220215
2.716301918029785
0.8981401920318604
0.6620018482208252
0.46520018577575684
0.00040793418884277344
0.00040268898010253906
0.0004050731658935547
0.24856972694396973
2.975226640701294
0.9529602527618408
0.21532225608825684
0.6953516006469727
4.168668031692505
0.000377655029296875
0.8095898628234863
0.26963138580322266
1.5678670406341553
0.0004487037658691406
0.6598126888275146
0.25292491912841797
0.836540699005127
0.7671186923980713
0.5263726711273193
0.11693596839904785
1.4270713329315186
0.30581164360046387
0.6348402500152588
0.12339258193969727
1.5415308475494385
0.2689216136932373
0.49077868461608887
0.15885710716247559
1.5419838428497314
0.2547893524169922
0.64632248878479
0.00036907196044921875
1.4477386474609375
0.6545071601867676
0.3697223663330078
0.13863420486450195
1.5441479682922363
0.14241313934326172
0.8157436847686768
0.0003600120544433594
1.1243159770965576
0.49916911125183105
1.1053409576416016
0.0003943443298339844
1.4687998294830322
0.0003764629364013672
0.8827400207519531
0.00035500526428222656
1.2961971759796143
0.00037407875061035156
1.119863748550415
0.00037288665771484375
1.1589462757110596
0.11908245086669922
1.1950709819793701
0.00036263465881347656
0.978874921798706
0.3950629234313965
1.4293019771575928
0.0006237030029296875
0.5990281105041504
0.37938618659973145
1.0914442539215088
0.0003826618194580078
1.3556764125823975
0.0003676414489746094
1.2241785526275635
0.0003495216369628906
0.8699259757995605
0.2400357723236084
1.205798864364624
0.0003628730773925781
0.8845615386962891
0.23160266876220703
1.3008170127868652
0.0003657341003417969
0.7221457958221436
0.2971076965332031
1.3712048530578613
0.0003731250762939453
0.7467155456542969
0.23354625701904297
1.3069689273834229
0.00036835670471191406
0.79254150390625
0.5228545665740967
1.299833059310913
0.00035381317138671875
0.7014076709747314
0.6328871250152588
0.9149758815765381
0.0003581047058105469
0.5531036853790283
0.6752009391784668
1.167433738708496
0.00037360191345214844
0.5554497241973877
0.6569163799285889
1.2994327545166016
0.00034737586975097656
0.7094767093658447
0.5194778442382812
1.4153928756713867
0.0003914833068847656
0.34771299362182617
1.0683059692382812
0.907724142074585
0.0003561973571777344
2.683783531188965
0.12082695960998535
1.2941462993621826
0.0005984306335449219
1.0539631843566895
0.0643925666809082
1.1767401695251465
0.07067441940307617
1.0912261009216309
0.13077187538146973
1.154799222946167
0.12854385375976562
1.0397884845733643
0.12558937072753906
1.0711007118225098
0.06996870040893555
1.0278007984161377
0.12867236137390137
1.0682575702667236
0.26273345947265625
0.9914131164550781
0.2326064109802246
1.0709421634674072
0.2707397937774658
0.9734184741973877
0.2598304748535156
0.8030672073364258
0.6254794597625732
0.6678180694580078
0.5181217193603516
0.7538192272186279
0.5258989334106445
0.7422797679901123
0.4383096694946289
0.8184473514556885
0.4014582633972168
0.830388069152832
0.20206046104431152
0.8772931098937988
0.6106853485107422
0.7221248149871826
0.48529982566833496
0.6816213130950928
0.2936513423919678
0.8688204288482666
0.3655734062194824
0.7394461631774902
0.48648619651794434
0.7752737998962402
1.007889986038208
0.25461268424987793
0.542902946472168
0.24052810668945312
0.9393658638000488
0.1384141445159912
0.9861104488372803
0.21822571754455566
0.987032413482666
0.1627209186553955
1.044933795928955
0.3230605125427246
0.8184492588043213
0.4518716335296631
0.6345465183258057
0.9770989418029785
0.3101928234100342
0.8317575454711914
0.29426121711730957
1.0963425636291504
0.05754494667053223
1.199932336807251
0.0008361339569091797
0.9984416961669922
0.11375117301940918
1.28501558303833
0.0004591941833496094
1.3938677310943604
0.0008869171142578125
1.0419347286224365
0.00048804283142089844
1.4736547470092773
0.0009176731109619141
1.7243494987487793
0.0009000301361083984
0.7599577903747559
0.0004813671112060547
1.2473289966583252
0.0004608631134033203
1.156820297241211
0.00047707557678222656
1.296079397201538
0.000469207763671875
1.2304539680480957
0.0004830360412597656
1.1677920818328857
0.0004887580871582031
1.138772964477539
0.06107139587402344
1.0447239875793457
0.24539661407470703
1.3981387615203857
0.5597784519195557
0.9980545043945312
0.6374702453613281
0.7321553230285645
0.630974292755127
0.5161006450653076
0.8927032947540283
0.5700953006744385
0.5879302024841309
0.6223220825195312
0.7647957801818848
0.8566508293151855
0.3127162456512451
0.7844798564910889
0.5023202896118164
0.5880951881408691
0.5145430564880371
0.6009435653686523
0.4832618236541748
0.6561245918273926
0.5107035636901855
0.6268141269683838
0.6081409454345703
0.6588070392608643
0.5774526596069336
0.5887446403503418
0.6216626167297363
0.48490309715270996
0.7027359008789062
0.6200470924377441
0.5815434455871582
0.5499846935272217
0.5168032646179199
0.6837518215179443
0.6152889728546143
0.6691904067993164
0.7129991054534912
0.5281088352203369
0.5850927829742432
0.6083989143371582
0.520308256149292
0.7674849033355713
0.5973703861236572
0.5507667064666748
0.6695296764373779
0.7623891830444336
0.6867835521697998
0.5185019969940186
0.6365773677825928
0.7888352870941162
0.5570213794708252
0.6263899803161621
0.6286678314208984
0.6415450572967529
0.5594525337219238
0.5759742259979248
0.5852103233337402
0.6593425273895264
0.583427906036377
0.5593264102935791
0.8615078926086426
0.695103645324707
0.4678628444671631
0.5453717708587646
0.6064565181732178
0.4857826232910156
0.6366355419158936
0.6573102474212646
0.6681020259857178
0.5228440761566162
0.6483983993530273
0.6331350803375244
0.5327320098876953
0.6015002727508545
0.5164515972137451
0.6138925552368164
0.7286148071289062
0.51491379737854
0.5830798149108887
0.593101978302002
0.47823166847229004
0.7302205562591553
0.583587646484375
0.6748306751251221
0.6338205337524414
0.5039548873901367
0.5438308715820312
0.6299328804016113
0.5903346538543701
0.6172244548797607
0.601189374923706
0.6082770824432373
0.6035048961639404
0.6121566295623779
0.818962574005127
0.4017207622528076
0.8366045951843262
0.47222113609313965
0.6778395175933838
1.0121879577636719
0.84820556640625
0.569195032119751
0.600959062576294
0.6294429302215576
0.6150531768798828
0.7559494972229004
0.6093640327453613
0.5686156749725342
0.6864147186279297
0.71236252784729
0.7753391265869141
0.6663856506347656
0.6559693813323975
0.6293225288391113
0.6784470081329346
0.6396489143371582
0.5920016765594482
0.5757668018341064
0.6614925861358643
0.5691609382629395
0.627772331237793
0.6510822772979736
0.5696008205413818
0.5900793075561523
0.5925571918487549
0.6004900932312012
0.5669403076171875
0.5404989719390869
0.8452675342559814
0.6025717258453369
0.6584169864654541
0.8670268058776855
0.6335446834564209
0.5111539363861084
0.6272485256195068
0.7260472774505615
0.5907411575317383
0.7931103706359863
0.5772740840911865
0.567418098449707
0.6967117786407471
0.659996509552002
0.6772198677062988
0.5533738136291504
0.594764232635498
0.6308331489562988
0.5905215740203857
0.5568995475769043
0.624948263168335
0.6544818878173828
0.6142921447753906
0.6531202793121338
0.7586953639984131
0.6149008274078369
0.824291467666626
0.5784492492675781
0.7729575634002686
0.5556144714355469
0.613947868347168
0.8793466091156006
0.5771365165710449
0.540283203125
0.5972506999969482
0.6711878776550293
0.5021045207977295
0.6444873809814453
0.6233224868774414
0.5725259780883789
0.6426424980163574
0.6686534881591797
0.7335600852966309
0.5568101406097412
0.8055181503295898
0.7257330417633057
0.7127337455749512
0.5519766807556152
0.8450372219085693
0.5792362689971924
0.5922183990478516
0.5915749073028564
0.6013085842132568
0.7652761936187744
0.60697340965271
0.6025259494781494
0.6221866607666016
0.6169333457946777
0.6146810054779053
0.5315532684326172
0.6026513576507568
0.5919826030731201
0.6279947757720947
0.6444289684295654
0.8458006381988525
0.5225028991699219
0.5400400161743164
0.6447427272796631
0.6744539737701416
0.7474226951599121
0.6544065475463867
1.0186941623687744
0.5939276218414307
0.6021525859832764
0.8361544609069824
0.7766690254211426
0.6968615055084229
0.682405948638916
0.6714017391204834
0.8006947040557861
0.6432664394378662
0.6685624122619629
0.5499119758605957
0.676581859588623
0.59499192237854
0.7318758964538574
0.7234957218170166
0.6017935276031494
0.8812506198883057
0.600299596786499
0.5973868370056152
0.6480405330657959
0.7098684310913086
0.6136350631713867
0.5849556922912598
0.7292723655700684
0.8236899375915527
0.7292897701263428
0.5909271240234375
0.5408189296722412
1.0723588466644287
0.6650218963623047
0.7762463092803955
0.718864917755127
0.701099157333374
0.6990842819213867
0.6879899501800537
0.7345259189605713
0.6857469081878662
0.6087703704833984
0.7540569305419922
0.7600133419036865
0.8539879322052002
0.6507785320281982
0.5563249588012695
0.7369904518127441
0.8710992336273193
0.6072714328765869
0.6974527835845947
0.722245454788208
0.6473455429077148
0.7751827239990234
0.7787754535675049
0.7129502296447754
0.7141029834747314
0.6339466571807861
0.6160235404968262
0.7057735919952393
0.6602222919464111
0.8024194240570068
0.5828893184661865
0.8095657825469971
0.5829582214355469
0.6381583213806152
0.7483069896697998
0.6784844398498535
0.65212082862854
0.6197428703308105
0.6793093681335449
0.6714842319488525
0.7158083915710449
0.7191076278686523
0.6542413234710693
0.6542634963989258
0.7174503803253174
0.7469499111175537
0.6231746673583984
0.7228283882141113
0.7175524234771729
0.6737446784973145
0.6012353897094727
0.7351276874542236
0.6945698261260986
0.6247825622558594
0.7358400821685791
0.5745956897735596
0.6728439331054688
0.6027839183807373
0.654655933380127
0.6341536045074463
0.7331457138061523
0.6909878253936768
0.6780142784118652
0.7021241188049316
0.6698517799377441
0.7202527523040771
0.642364501953125
0.6387932300567627
0.805640459060669
0.6986160278320312
0.6631784439086914
0.8680999279022217
0.9247376918792725
0.8676929473876953
0.9218816757202148
0.9127824306488037
0.8395187854766846
1.2520496845245361
0.8227758407592773
1.008655309677124
0.9075796604156494
0.9313294887542725
0.8943986892700195
1.028550624847412
0.9053835868835449
0.8256189823150635
0.8715963363647461
0.7789485454559326
0.7413842678070068
0.8266899585723877
0.8205032348632812
0.7544665336608887
0.8307657241821289
0.8431360721588135
0.9408981800079346
0.7834510803222656
0.8795840740203857
0.8056089878082275
0.797170877456665
0.8462924957275391
0.8904681205749512
0.711888313293457
0.830517053604126
0.8111493587493896
0.883129358291626
0.8758909702301025
0.8308796882629395
0.8288164138793945
0.9158596992492676
0.7907588481903076
1.0129380226135254
1.0841724872589111
0.8038311004638672
1.0528383255004883
0.858640193939209
0.949974536895752
0.8300347328186035
0.8717820644378662
0.7862508296966553
0.8919141292572021
0.8387994766235352
1.0218796730041504
0.7568249702453613
0.9024922847747803
0.8243582248687744
0.9336156845092773
0.9021167755126953
0.7232294082641602
0.9194850921630859
0.8302290439605713
0.8059859275817871
0.8171577453613281
0.9555516242980957
0.8032920360565186
1.0978426933288574
0.8251769542694092
0.830801248550415
0.8304522037506104
0.7885925769805908
0.740858793258667
1.0292513370513916
0.8447685241699219
0.8675708770751953
0.8893535137176514
0.904263973236084
0.8933286666870117
0.8087975978851318
0.8242990970611572
0.8650689125061035
0.9792459011077881
0.8261053562164307
0.7977795600891113
0.7434556484222412
0.8288798332214355
0.8311002254486084
0.8367128372192383
0.8277227878570557
0.9914891719818115
0.8060510158538818
0.875469446182251
0.7349889278411865
0.8811450004577637
0.7300007343292236
0.8428351879119873
0.9661142826080322
0.8222696781158447
0.8965961933135986
0.8434772491455078
0.8102734088897705
0.7703773975372314
0.750054121017456
